pc_timestamp,stm32_ms,adc_raw,adc_voltage_v,sensor_voltage_v,pressure_bar,duty_percent,frequency_hz,estimated_output_rms_v,jsy_online,jsy_voltage_rms_v,jsy_current_rms_a,jsy_voltage_raw_v,jsy_current_raw_a,jsy_active_power_w,jsy_power_factor,jsy_energy_kwh,jsy_error_count,nn_mode,nn_duty_percent,valve_open_count,valve_state_label,valve_phase,setpoint_bar,episode_id,is_decision,event
2026-06-26T00:02:41.530,1869235,604,0.48806666666666665,0.7166666666666667,0.6496,90.0,5000,198.0,1,196.03,0.883,197.74,0.956,188,0.994,0.05,1392,0,89.5,-,Belum ditandai,unset,0.3,1,0,
2026-06-26T00:02:42.131,1869812,605,0.49106666666666665,0.7172666666666667,0.6516000000000001,90.0,5000,198.0,1,196.01,0.884,197.72,0.957,188,0.993,0.05,1392,0,89.5,-,Belum ditandai,unset,0.3,1,0,
2026-06-26T00:02:42.764,1870495,605,0.49133333333333334,0.7182,0.6548666666666667,90.0,5000,198.0,1,195.99,0.883,197.7,0.956,188,0.994,0.05,1392,0,89.5,-,Belum ditandai,unset,0.3,1,0,
2026-06-26T00:02:43.315,1871031,611,0.49293333333333333,0.7162666666666666,0.6492666666666668,90.0,5000,198.0,1,195.99,0.883,197.7,0.956,188,0.994,0.05,1392,0,89.5,-,Belum ditandai,unset,0.3,1,0,
2026-06-26T00:02:43.872,1871607,601,0.48966666666666664,0.7163333333333333,0.6494666666666667,90.0,5000,198.0,1,196.04,0.883,197.75,0.956,188,0.994,0.05,1392,0,89.5,-,Belum ditandai,unset,0.3,1,0,
2026-06-26T00:02:44.396,1872142,608,0.4877333333333333,0.715,0.6454666666666667,90.0,5000,198.0,1,196.04,0.883,197.75,0.956,188,0.994,0.05,1392,0,89.5,-,Belum ditandai,unset,0.3,1,0,
2026-06-26T00:02:44.916,1872612,601,0.48606666666666665,0.715,0.6453333333333333,90.0,5000,198.0,1,196.01,0.883,197.72,0.956,188,0.994,0.05,1392,0,89.5,-,Belum ditandai,unset,0.3,1,0,
2026-06-26T00:02:45.406,1873147,603,0.4855333333333333,0.7141333333333333,0.6431333333333333,90.0,5000,198.0,1,196.01,0.883,197.72,0.956,188,0.994,0.05,1392,0,89.5,-,Belum ditandai,unset,0.3,1,0,
2026-06-26T00:02:45.997,1873724,612,0.4871333333333333,0.7132666666666666,0.6404,90.0,5000,198.0,1,196.06,0.883,197.77,0.956,188,0.994,0.05,1392,0,89.5,-,Belum ditandai,unset,0.3,1,0,
2026-06-26T00:02:46.559,1874259,604,0.48693333333333333,0.7137333333333333,0.6416666666666667,90.0,5000,198.0,1,196.06,0.883,197.77,0.956,188,0.994,0.05,1392,0,89.5,-,Belum ditandai,unset,0.3,1,0,
2026-06-26T00:02:47.122,1874836,604,0.48766666666666664,0.7137999999999999,0.6417333333333333,90.0,5000,198.0,1,196.01,0.882,197.72,0.955,188,0.995,0.05,1392,0,89.5,-,Belum ditandai,unset,0.3,1,0,
2026-06-26T00:02:47.620,1875371,608,0.48686666666666667,0.7144666666666666,0.6436,90.0,5000,198.0,1,196.01,0.882,197.72,0.955,188,0.995,0.05,1392,0,89.5,-,Belum ditandai,unset,0.3,1,0,
2026-06-26T00:02:48.120,1875841,618,0.48679999999999995,0.7135333333333332,0.6407333333333334,90.0,5000,198.0,1,196.03,0.883,197.74,0.956,188,0.994,0.05,1392,0,89.5,-,Belum ditandai,unset,0.3,1,0,
2026-06-26T00:02:48.806,1876525,602,0.4856666666666667,0.7124,0.6368666666666667,90.0,5000,198.0,1,196.03,0.884,197.74,0.957,188,0.993,0.05,1392,0,89.5,-,Belum ditandai,unset,0.3,1,0,
2026-06-26T00:02:49.304,1877060,605,0.4862666666666666,0.7132000000000001,0.6394000000000001,90.0,5000,198.0,1,196.03,0.884,197.74,0.957,188,0.993,0.05,1392,0,89.5,-,Belum ditandai,unset,0.3,1,0,
2026-06-26T00:02:49.802,1877530,608,0.48766666666666664,0.7139333333333333,0.6416000000000001,90.0,5000,198.0,1,196.05,0.883,197.76,0.956,188,0.994,0.05,1392,0,89.5,-,Belum ditandai,unset,0.3,1,0,
2026-06-26T00:02:50.300,1878065,601,0.4866,0.7135333333333332,0.6404666666666666,90.0,5000,198.0,1,196.05,0.883,197.76,0.956,188,0.994,0.05,1392,0,89.5,-,Belum ditandai,unset,0.3,1,0,
2026-06-26T00:02:50.799,1878535,609,0.4865333333333333,0.7133999999999999,0.6402,90.0,5000,198.0,1,196.01,0.882,197.72,0.955,188,0.995,0.05,1392,0,89.5,-,Belum ditandai,unset,0.3,1,0,
2026-06-26T00:02:51.297,1879070,599,0.4853333333333333,0.7125333333333332,0.6378666666666667,90.0,5000,198.0,1,196.01,0.882,197.72,0.955,188,0.995,0.05,1392,0,89.5,-,Belum ditandai,unset,0.3,1,0,
2026-06-26T00:02:51.800,1879540,610,0.4915333333333333,0.7148666666666667,0.6446666666666666,90.0,5000,198.0,1,196.08,0.88,197.79,0.953,188,0.997,0.05,1392,0,89.5,-,Belum ditandai,unset,0.3,1,0,
2026-06-26T00:02:52.297,1880075,600,0.49139999999999995,0.7151333333333334,0.6450666666666667,90.0,5000,198.0,1,196.08,0.88,197.79,0.953,188,0.997,0.05,1392,0,89.5,-,Belum ditandai,unset,0.3,1,0,
2026-06-26T00:02:52.797,1880545,607,0.4922,0.7150666666666666,0.6447333333333333,90.0,5000,198.0,1,196.03,0.88,197.74,0.953,188,0.997,0.05,1392,0,89.5,-,Belum ditandai,unset,0.3,1,0,
2026-06-26T00:02:53.297,1881080,590,0.4865333333333333,0.713,0.6386666666666667,90.0,5000,198.0,1,196.03,0.88,197.74,0.953,188,0.997,0.05,1392,0,89.5,-,Belum ditandai,unset,0.3,1,0,
2026-06-26T00:02:53.799,1881555,600,0.48666666666666664,0.7124666666666666,0.6374,90.0,5000,198.0,1,196.03,0.88,197.74,0.953,188,0.997,0.05,1392,0,89.5,-,Belum ditandai,unset,0.3,1,0,
2026-06-26T00:02:54.361,1882090,603,0.48486666666666667,0.7124,0.6373333333333334,90.0,5000,198.0,1,196.03,0.88,197.74,0.953,188,0.997,0.05,1392,0,89.5,-,Belum ditandai,unset,0.3,1,0,
2026-06-26T00:02:54.921,1882672,602,0.48460000000000003,0.7116,0.6349333333333333,90.0,5000,198.0,1,196.01,0.882,197.72,0.955,188,0.995,0.05,1392,0,89.5,-,Belum ditandai,unset,0.3,1,0,
2026-06-26T00:02:55.417,1883207,602,0.4857333333333333,0.7116,0.6348666666666667,90.0,5000,198.0,1,196.01,0.882,197.72,0.955,188,0.995,0.05,1392,0,89.5,-,Belum ditandai,unset,0.3,1,0,
2026-06-26T00:02:56.040,1883784,617,0.48666666666666664,0.7114666666666666,0.6342,90.0,5000,198.0,1,196.02,0.881,197.73,0.954,188,0.996,0.05,1392,0,89.5,-,Belum ditandai,unset,0.3,1,0,
2026-06-26T00:02:56.536,1884319,612,0.48679999999999995,0.7124666666666666,0.6374,90.0,5000,198.0,1,196.02,0.881,197.73,0.954,188,0.996,0.05,1392,0,89.5,-,Belum ditandai,unset,0.3,1,0,
2026-06-26T00:02:57.142,1884896,601,0.4941333333333333,0.7156,0.6468666666666666,90.0,5000,198.0,1,196.01,0.88,197.72,0.953,188,0.997,0.05,1392,0,89.5,-,Belum ditandai,unset,0.3,1,0,
2026-06-26T00:02:57.641,1885431,591,0.49446666666666667,0.7158,0.6472666666666667,90.0,5000,198.0,1,196.01,0.88,197.72,0.953,188,0.997,0.05,1392,0,89.5,-,Belum ditandai,unset,0.3,1,0,
2026-06-26T00:02:58.139,1885901,623,0.4965333333333333,0.7158666666666667,0.6474,90.0,5000,198.0,1,196.04,0.881,197.75,0.954,188,0.996,0.05,1392,0,89.5,-,Belum ditandai,unset,0.3,1,0,
2026-06-26T00:02:58.637,1886436,599,0.4875333333333333,0.7128666666666666,0.6382666666666666,90.0,5000,198.0,1,196.04,0.881,197.75,0.954,188,0.996,0.05,1392,0,89.5,-,Belum ditandai,unset,0.3,1,0,
2026-06-26T00:02:59.258,1887013,600,0.4871333333333333,0.7129333333333333,0.6390666666666667,90.0,5000,198.0,1,196.03,0.882,197.74,0.955,188,0.995,0.05,1392,0,89.5,-,Belum ditandai,unset,0.3,1,0,
2026-06-26T00:02:59.819,1887590,607,0.48446666666666666,0.7119333333333333,0.6363333333333333,90.0,5000,198.0,1,196.02,0.88,197.73,0.953,188,0.997,0.05,1392,0,89.5,-,Belum ditandai,unset,0.3,1,0,
2026-06-26T00:03:00.369,1888125,588,0.48433333333333334,0.7110666666666667,0.6339333333333333,90.0,5000,198.0,1,196.02,0.88,197.73,0.953,188,0.997,0.05,1392,0,89.5,-,Belum ditandai,unset,0.3,1,0,
2026-06-26T00:03:00.916,1888702,606,0.48166666666666663,0.7096,0.6293333333333333,90.0,5000,198.0,1,196.02,0.88,197.73,0.953,188,0.997,0.05,1392,0,89.5,-,Belum ditandai,unset,0.3,1,0,
2026-06-26T00:03:01.478,1889237,600,0.4832,0.7104666666666667,0.632,90.0,5000,198.0,1,196.02,0.88,197.73,0.953,188,0.997,0.05,1392,0,89.5,-,Belum ditandai,unset,0.3,1,0,
2026-06-26T00:03:02.037,1889814,612,0.4845333333333333,0.7118,0.6354666666666666,90.0,5000,198.0,1,196.05,0.881,197.76,0.954,188,0.996,0.05,1392,0,89.5,-,Belum ditandai,unset,0.3,1,0,
2026-06-26T00:03:02.540,1890349,603,0.48633333333333334,0.7117333333333333,0.6351333333333334,90.0,5000,198.0,1,196.05,0.881,197.76,0.954,188,0.996,0.05,1392,0,89.5,-,Belum ditandai,unset,0.3,1,0,
2026-06-26T00:03:03.041,1890819,595,0.4856666666666667,0.7110666666666667,0.6332,90.0,5000,198.0,1,196.04,0.881,197.75,0.954,188,0.996,0.05,1392,0,89.5,-,Belum ditandai,unset,0.3,1,0,
2026-06-26T00:03:03.542,1891354,607,0.48433333333333334,0.7092666666666666,0.6278,90.0,5000,198.0,1,196.04,0.881,197.75,0.954,188,0.996,0.05,1392,0,89.5,-,Belum ditandai,unset,0.3,1,0,
2026-06-26T00:03:04.042,1891824,577,0.4826666666666667,0.7097333333333332,0.6292666666666666,90.0,5000,198.0,1,196.06,0.88,197.77,0.953,187,0.992,0.05,1392,0,89.5,-,Belum ditandai,unset,0.3,1,0,
2026-06-26T00:03:04.545,1892359,603,0.4828,0.7103999999999999,0.6311333333333333,90.0,5000,198.0,1,196.06,0.88,197.77,0.953,187,0.992,0.05,1392,0,89.5,-,Belum ditandai,unset,0.3,1,0,
2026-06-26T00:03:05.047,1892829,595,0.4828,0.7109333333333333,0.6328666666666667,90.0,5000,198.0,1,196.1,0.879,197.81,0.952,187,0.993,0.05,1392,0,89.5,-,Belum ditandai,unset,0.3,1,0,
2026-06-26T00:03:05.548,1893364,606,0.4828,0.7115333333333334,0.6351333333333334,90.0,5000,198.0,1,196.1,0.879,197.81,0.952,187,0.993,0.05,1392,0,89.5,-,Belum ditandai,unset,0.3,1,0,
2026-06-26T00:03:06.049,1893834,600,0.4840666666666667,0.713,0.6394666666666667,90.0,5000,198.0,1,196.1,0.88,197.81,0.953,188,0.997,0.05,1392,0,89.5,-,Belum ditandai,unset,0.3,1,0,
2026-06-26T00:03:06.551,1894369,603,0.48466666666666663,0.713,0.6392666666666666,90.0,5000,198.0,1,196.1,0.88,197.81,0.953,188,0.997,0.05,1392,0,89.5,-,Belum ditandai,unset,0.3,1,0,
2026-06-26T00:03:07.048,1894839,601,0.485,0.7113999999999999,0.6344666666666666,90.0,5000,198.0,1,196.08,0.879,197.79,0.952,187,0.993,0.05,1392,0,89.5,-,Belum ditandai,unset,0.3,1,0,
2026-06-26T00:03:07.549,1895374,598,0.4845333333333333,0.7096,0.6289333333333332,90.0,5000,198.0,1,196.08,0.879,197.79,0.952,187,0.993,0.05,1392,0,89.5,-,Belum ditandai,unset,0.3,1,0,
2026-06-26T00:03:08.045,1895844,598,0.4865333333333333,0.7099999999999999,0.6302,90.0,5000,198.0,1,196.03,0.879,197.74,0.952,187,0.993,0.05,1392,0,89.5,-,Belum ditandai,unset,0.3,1,0,
2026-06-26T00:03:08.547,1896379,601,0.48633333333333334,0.7094666666666666,0.6288666666666667,90.0,5000,198.0,1,196.03,0.879,197.74,0.952,187,0.993,0.05,1392,0,89.5,-,Belum ditandai,unset,0.3,1,0,
2026-06-26T00:03:09.047,1896849,603,0.48593333333333333,0.7094666666666666,0.6291333333333333,90.0,5000,198.0,1,196.06,0.882,197.77,0.955,188,0.995,0.05,1392,0,89.5,-,Belum ditandai,unset,0.3,1,0,
2026-06-26T00:03:09.543,1897384,596,0.4888,0.7099333333333333,0.6304666666666667,90.0,5000,198.0,1,196.06,0.882,197.77,0.955,188,0.995,0.05,1392,0,89.5,-,Belum ditandai,unset,0.3,1,0,
2026-06-26T00:03:10.043,1897854,601,0.4882666666666667,0.7101999999999999,0.6316666666666666,90.0,5000,198.0,1,196.09,0.88,197.8,0.953,188,0.997,0.05,1392,0,89.5,-,Belum ditandai,unset,0.3,1,0,
2026-06-26T00:03:10.541,1898389,594,0.4887333333333333,0.7096666666666667,0.6293333333333333,90.0,5000,198.0,1,196.09,0.88,197.8,0.953,188,0.997,0.05,1392,0,89.5,-,Belum ditandai,unset,0.3,1,0,
2026-06-26T00:03:11.043,1898859,606,0.4832666666666666,0.7084666666666666,0.6256666666666667,90.0,5000,198.0,1,196.05,0.879,197.76,0.952,187,0.993,0.05,1392,0,89.5,-,Belum ditandai,unset,0.3,1,0,
2026-06-26T00:03:11.542,1899394,590,0.48319999999999996,0.7096,0.6288666666666667,90.0,5000,198.0,1,196.05,0.879,197.76,0.952,187,0.993,0.05,1392,0,89.5,-,Belum ditandai,unset,0.3,1,0,
2026-06-26T00:03:12.164,1899971,594,0.4822666666666667,0.7096666666666667,0.6289333333333332,90.0,5000,198.0,1,196.03,0.879,197.74,0.952,187,0.993,0.05,1392,0,89.5,-,Belum ditandai,unset,0.3,1,0,
2026-06-26T00:03:12.667,1900506,598,0.4835333333333333,0.7103333333333333,0.6315333333333334,90.0,5000,198.0,1,196.03,0.879,197.74,0.952,187,0.993,0.05,1392,0,89.5,-,Belum ditandai,unset,0.3,1,0,
2026-06-26T00:03:13.277,1901083,601,0.48446666666666666,0.7089333333333333,0.6274,90.0,5000,198.0,1,196.05,0.878,197.76,0.951,187,0.994,0.05,1392,0,89.5,-,Belum ditandai,unset,0.3,1,0,
2026-06-26T00:03:13.837,1901660,612,0.4861333333333333,0.7098,0.6299333333333333,90.0,5000,198.0,1,196.06,0.878,197.77,0.951,187,0.994,0.05,1392,0,89.5,-,Belum ditandai,unset,0.3,1,0,
2026-06-26T00:03:14.339,1902195,598,0.4842,0.7080666666666666,0.6242666666666667,90.0,5000,198.0,1,196.06,0.878,197.77,0.951,187,0.994,0.05,1392,0,89.5,-,Belum ditandai,unset,0.3,1,0,
2026-06-26T00:03:14.962,1902772,593,0.48393333333333327,0.7071333333333333,0.6211333333333333,90.0,5000,198.0,1,196.02,0.879,197.73,0.952,187,0.993,0.05,1392,0,89.5,-,Belum ditandai,unset,0.3,1,0,
2026-06-26T00:03:15.465,1903307,621,0.483,0.7058,0.6171333333333333,90.0,5000,198.0,1,196.02,0.879,197.73,0.952,187,0.993,0.05,1392,0,89.5,-,Belum ditandai,unset,0.3,1,0,
2026-06-26T00:03:16.023,1903884,616,0.4857333333333333,0.7068666666666666,0.6205999999999999,90.0,5000,198.0,1,196.06,0.879,197.77,0.952,187,0.993,0.05,1392,0,89.5,-,Belum ditandai,unset,0.3,1,0,
2026-06-26T00:03:16.585,1904419,601,0.48673333333333335,0.7073333333333333,0.6222666666666666,90.0,5000,198.0,1,196.06,0.879,197.77,0.952,187,0.993,0.05,1392,0,89.5,-,Belum ditandai,unset,0.3,1,0,
2026-06-26T00:03:17.146,1904996,598,0.4861333333333333,0.7071999999999999,0.6220666666666667,90.0,5000,198.0,1,196.06,0.88,197.77,0.953,188,0.997,0.05,1392,0,89.5,-,Belum ditandai,unset,0.3,1,0,
2026-06-26T00:03:17.710,1905531,588,0.4826666666666667,0.7059333333333332,0.6183333333333334,90.0,5000,198.0,1,196.06,0.88,197.77,0.953,188,0.997,0.05,1392,0,89.5,-,Belum ditandai,unset,0.3,1,0,
2026-06-26T00:03:18.274,1906108,610,0.4821333333333333,0.7068666666666666,0.6212,90.0,5000,198.0,1,196.09,0.88,197.8,0.953,188,0.997,0.05,1392,0,89.5,-,Belum ditandai,unset,0.3,1,0,
2026-06-26T00:03:18.833,1906685,613,0.48593333333333333,0.7090666666666666,0.628,90.0,5000,198.0,1,196.06,0.879,197.77,0.952,187,0.993,0.05,1392,0,89.5,-,Belum ditandai,unset,0.3,1,0,
2026-06-26T00:03:19.394,1907220,608,0.4898666666666667,0.7126666666666667,0.6384000000000001,90.0,5000,198.0,1,196.06,0.879,197.77,0.952,187,0.993,0.05,1392,0,89.5,-,Belum ditandai,unset,0.3,1,0,
2026-06-26T00:03:19.955,1907797,618,0.4916,0.717,0.6512666666666667,90.0,5000,198.0,1,196.07,0.879,197.78,0.952,187,0.993,0.05,1392,0,89.5,-,Belum ditandai,unset,0.3,1,0,
2026-06-26T00:03:20.453,1908332,614,0.49473333333333336,0.7235999999999999,0.6705333333333333,90.0,5000,198.0,1,196.07,0.879,197.78,0.952,187,0.993,0.05,1392,0,89.5,-,Belum ditandai,unset,0.3,1,0,
2026-06-26T00:03:21.062,1908909,631,0.49946666666666667,0.7295333333333333,0.6882666666666667,90.0,5000,198.0,1,196.09,0.879,197.8,0.952,187,0.993,0.05,1392,0,89.5,-,Belum ditandai,unset,0.3,1,0,
2026-06-26T00:03:21.593,1909444,614,0.5036666666666666,0.7332666666666667,0.6994666666666666,90.0,5000,198.0,1,196.09,0.879,197.8,0.952,187,0.993,0.05,1392,0,89.5,-,Belum ditandai,unset,0.3,1,0,
2026-06-26T00:03:22.154,1910021,623,0.5023333333333333,0.7332666666666667,0.6992666666666666,90.0,5000,198.0,1,196.08,0.879,197.79,0.952,187,0.993,0.05,1392,0,89.5,-,Belum ditandai,unset,0.3,1,0,
2026-06-26T00:03:22.715,1910556,624,0.5034,0.7333999999999999,0.7000666666666666,90.0,5000,198.0,1,196.08,0.879,197.79,0.952,187,0.993,0.05,1392,0,89.5,-,Belum ditandai,unset,0.3,1,0,
2026-06-26T00:03:23.277,1911133,608,0.5032666666666666,0.7344666666666666,0.7035333333333332,90.0,5000,198.0,1,196.06,0.879,197.77,0.952,187,0.993,0.05,1392,0,89.5,-,Belum ditandai,unset,0.3,1,0,
2026-06-26T00:03:23.833,1911710,614,0.5017333333333334,0.7327999999999999,0.6991999999999999,90.0,5000,198.0,1,196.05,0.878,197.76,0.951,187,0.994,0.05,1392,0,89.5,-,Belum ditandai,unset,0.3,1,0,
2026-06-26T00:03:24.385,1912245,627,0.4982666666666667,0.7314,0.6945333333333333,90.0,5000,198.0,1,196.05,0.878,197.76,0.951,187,0.994,0.05,1392,0,89.5,-,Belum ditandai,unset,0.3,1,0,
2026-06-26T00:03:24.945,1912822,613,0.4951333333333333,0.7278,0.6836000000000001,90.0,5000,198.0,1,196.06,0.877,197.77,0.95,187,0.995,0.05,1392,0,89.5,-,Belum ditandai,unset,0.3,1,0,
2026-06-26T00:03:25.506,1913357,629,0.4958,0.7276666666666666,0.6828000000000001,90.0,5000,198.0,1,196.06,0.877,197.77,0.95,187,0.995,0.05,1392,0,89.5,-,Belum ditandai,unset,0.3,1,0,
2026-06-26T00:03:26.067,1913939,608,0.4958,0.7273333333333334,0.6820666666666667,90.0,5000,198.0,1,196.05,0.876,197.76,0.949,187,0.996,0.05,1392,0,89.5,-,Belum ditandai,unset,0.3,1,0,
2026-06-26T00:03:26.563,1914474,600,0.4958666666666666,0.7267333333333333,0.6802666666666667,90.0,5000,198.0,1,196.05,0.876,197.76,0.949,187,0.996,0.05,1392,0,89.5,-,Belum ditandai,unset,0.3,1,0,
2026-06-26T00:03:27.065,1914949,584,0.4935333333333333,0.7254666666666666,0.6764666666666667,90.0,5000,198.0,1,196.02,0.876,197.73,0.949,187,0.996,0.05,1392,0,89.5,-,Belum ditandai,unset,0.3,1,0,
2026-06-26T00:03:27.624,1915484,607,0.49046666666666666,0.7231333333333333,0.6692666666666668,90.0,5000,198.0,1,196.02,0.876,197.73,0.949,187,0.996,0.05,1392,0,89.5,-,Belum ditandai,unset,0.3,1,0,
2026-06-26T00:03:28.184,1916061,600,0.48833333333333334,0.7233999999999999,0.6698666666666667,90.0,5000,198.0,1,196.05,0.878,197.76,0.951,187,0.994,0.05,1392,0,89.5,-,Belum ditandai,unset,0.3,1,0,
2026-06-26T00:03:28.681,1916596,612,0.4924,0.725,0.6747333333333334,90.0,5000,198.0,1,196.05,0.878,197.76,0.951,187,0.994,0.05,1392,0,89.5,-,Belum ditandai,unset,0.3,1,0,
2026-06-26T00:03:29.305,1917173,596,0.49019999999999997,0.7250666666666666,0.6748666666666667,90.0,5000,198.0,1,196.05,0.878,197.76,0.951,187,0.994,0.05,1392,0,89.5,-,Belum ditandai,unset,0.3,1,0,
2026-06-26T00:03:29.866,1917750,606,0.4912,0.7238666666666667,0.6715333333333333,90.0,5000,198.0,1,196.05,0.877,197.76,0.95,187,0.995,0.05,1392,0,89.5,-,Belum ditandai,unset,0.3,1,0,
2026-06-26T00:03:30.364,1918285,613,0.4906,0.7228666666666667,0.6686666666666667,90.0,5000,198.0,1,196.05,0.877,197.76,0.95,187,0.995,0.05,1392,0,89.5,-,Belum ditandai,unset,0.3,1,0,
2026-06-26T00:03:30.861,1918755,609,0.4919333333333333,0.7226,0.6678000000000001,90.0,5000,198.0,1,196.09,0.877,197.8,0.95,187,0.995,0.05,1392,0,89.5,-,Belum ditandai,unset,0.3,1,0,
2026-06-26T00:03:31.361,1919290,609,0.49393333333333334,0.7234666666666667,0.6704666666666667,90.0,5000,198.0,1,196.09,0.877,197.8,0.95,187,0.995,0.05,1392,0,89.5,-,Belum ditandai,unset,0.3,1,0,
2026-06-26T00:03:31.858,1919760,588,0.49266666666666664,0.7233333333333333,0.6694666666666667,90.0,5000,198.0,1,196.06,0.877,197.77,0.95,187,0.995,0.05,1392,0,89.5,-,Belum ditandai,unset,0.3,1,0,
2026-06-26T00:03:32.418,1920295,629,0.4932666666666667,0.7246666666666666,0.6736666666666667,90.0,5000,198.0,1,196.06,0.877,197.77,0.95,187,0.995,0.05,1392,0,89.5,-,Belum ditandai,unset,0.3,1,0,
2026-06-26T00:03:32.979,1920873,598,0.49133333333333334,0.7241333333333333,0.6718666666666667,90.0,5000,198.0,1,196.09,0.875,197.8,0.948,187,0.997,0.05,1392,0,89.5,-,Belum ditandai,unset,0.3,1,0,
2026-06-26T00:03:33.601,1921515,596,0.48666666666666664,0.7157333333333332,0.6468,90.0,5000,198.0,1,196.09,0.875,197.8,0.948,187,0.997,0.05,1392,0,89.5,-,Belum ditandai,unset,0.3,1,0,
2026-06-26T00:03:34.100,1921985,552,0.48166666666666663,0.7109333333333333,0.6324666666666666,90.0,5000,198.0,1,196.22,0.832,197.92,0.906,178,0.992,0.05,1392,0,89.5,-,Belum ditandai,unset,0.3,1,0,
2026-06-26T00:03:34.601,1922520,615,0.4829333333333333,0.7107333333333333,0.6317333333333333,90.0,5000,198.0,1,196.22,0.832,197.92,0.906,178,0.992,0.05,1392,0,89.5,-,Belum ditandai,unset,0.3,1,0,
2026-06-26T00:03:35.099,1922990,607,0.48460000000000003,0.7154666666666666,0.6459333333333334,90.0,5000,198.0,1,196.25,0.83,197.95,0.904,178,0.994,0.05,1392,0,89.5,-,Belum ditandai,unset,0.3,1,0,
2026-06-26T00:03:35.597,1923525,618,0.4890666666666667,0.7214666666666666,0.6641333333333334,90.0,5000,198.0,1,196.25,0.83,197.95,0.904,178,0.994,0.05,1392,0,89.5,-,Belum ditandai,unset,0.3,1,0,
2026-06-26T00:03:36.097,1923995,606,0.49306666666666665,0.7240666666666666,0.6722,90.0,5000,198.0,1,196.18,0.852,197.88,0.926,182,0.993,0.05,1392,0,89.5,-,Belum ditandai,unset,0.3,1,0,
2026-06-26T00:03:36.595,1924530,614,0.49479999999999996,0.7229333333333333,0.6694666666666667,90.0,5000,198.0,1,196.18,0.852,197.88,0.926,182,0.993,0.05,1392,0,89.5,-,Belum ditandai,unset,0.3,1,0,
2026-06-26T00:03:37.092,1925000,607,0.4945333333333333,0.7235333333333334,0.6711333333333334,90.0,5000,198.0,1,196.18,0.852,197.88,0.926,182,0.993,0.05,1392,0,89.5,-,Belum ditandai,unset,0.3,1,0,
2026-06-26T00:03:37.591,1925535,625,0.49613333333333337,0.7243999999999999,0.6736000000000001,90.0,5000,198.0,1,196.18,0.852,197.88,0.926,182,0.993,0.05,1392,0,89.5,-,Belum ditandai,unset,0.3,1,0,
2026-06-26T00:03:38.089,1926005,610,0.5019333333333333,0.7298666666666667,0.6898666666666667,90.0,5000,198.0,1,196.19,0.851,197.89,0.925,182,0.994,0.05,1392,0,89.5,-,Belum ditandai,unset,0.3,1,0,
2026-06-26T00:03:38.712,1926647,628,0.5084666666666666,0.7409333333333333,0.7230000000000001,90.0,5000,198.0,1,196.19,0.851,197.89,0.925,182,0.994,0.05,1392,0,89.5,-,Belum ditandai,unset,0.3,1,0,
2026-06-26T00:03:39.210,1927117,615,0.5084666666666666,0.7434,0.7305333333333334,90.0,5000,198.0,1,196.18,0.852,197.88,0.926,182,0.993,0.05,1392,0,89.5,-,Belum ditandai,unset,0.3,1,0,
2026-06-26T00:03:39.708,1927652,606,0.5019333333333333,0.7394,0.7186,90.0,5000,198.0,1,196.18,0.852,197.88,0.926,182,0.993,0.05,1392,0,89.5,-,Belum ditandai,unset,0.3,1,0,
2026-06-26T00:03:40.206,1928122,615,0.49493333333333334,0.7324,0.6977333333333333,90.0,5000,198.0,1,196.18,0.852,197.88,0.926,182,0.993,0.05,1392,0,89.5,-,Belum ditandai,unset,0.3,1,0,
2026-06-26T00:03:40.702,1928657,608,0.4908666666666666,0.7240666666666666,0.6727333333333334,90.0,5000,198.0,1,196.18,0.852,197.88,0.926,182,0.993,0.05,1392,0,89.5,-,Belum ditandai,unset,0.3,1,0,
2026-06-26T00:03:41.204,1929127,631,0.4908666666666666,0.7239333333333333,0.6724666666666667,90.0,5000,198.0,1,196.18,0.851,197.88,0.925,182,0.994,0.05,1392,0,89.5,-,Belum ditandai,unset,0.3,1,0,
2026-06-26T00:03:41.700,1929662,712,0.501,0.7326666666666667,0.6985333333333333,90.0,5000,198.0,1,196.18,0.851,197.88,0.925,182,0.994,0.05,1392,0,89.5,-,Belum ditandai,unset,0.3,1,0,
2026-06-26T00:03:42.197,1930132,607,0.5075999999999999,0.7431333333333333,0.73,90.0,5000,198.0,1,196.21,0.85,197.91,0.924,182,0.995,0.05,1392,0,89.5,-,Belum ditandai,unset,0.3,1,0,
2026-06-26T00:03:42.753,1930667,622,0.5099333333333333,0.7426666666666667,0.7284,90.0,5000,198.0,1,196.21,0.85,197.91,0.924,182,0.995,0.05,1392,0,89.5,-,Belum ditandai,unset,0.3,1,0,
2026-06-26T00:03:43.314,1931244,604,0.5048,0.7342666666666666,0.7032,90.0,5000,198.0,1,196.17,0.851,197.87,0.925,182,0.994,0.05,1392,0,89.5,-,Belum ditandai,unset,0.3,1,0,
2026-06-26T00:03:43.874,1931821,598,0.4922,0.7194666666666667,0.6585333333333333,90.0,5000,198.0,1,196.15,0.851,197.85,0.925,182,0.994,0.05,1392,0,89.5,-,Belum ditandai,unset,0.3,1,0,
2026-06-26T00:03:44.435,1932356,600,0.48893333333333333,0.7193333333333333,0.6578666666666667,90.0,5000,198.0,1,196.15,0.851,197.85,0.925,182,0.994,0.05,1392,0,89.5,-,Belum ditandai,unset,0.3,1,0,
2026-06-26T00:03:44.995,1932933,621,0.49006666666666665,0.7201333333333333,0.6604,90.0,5000,198.0,1,196.19,0.851,197.89,0.925,182,0.994,0.05,1392,0,89.5,-,Belum ditandai,unset,0.3,1,0,
2026-06-26T00:03:45.494,1933468,616,0.4903333333333333,0.7208,0.6627333333333334,90.0,5000,198.0,1,196.19,0.851,197.89,0.925,182,0.994,0.05,1392,0,89.5,-,Belum ditandai,unset,0.3,1,0,
2026-06-26T00:03:45.994,1933938,607,0.49166666666666664,0.7208666666666665,0.6633333333333334,90.0,5000,198.0,1,196.23,0.851,197.93,0.925,182,0.994,0.05,1392,0,89.5,-,Belum ditandai,unset,0.3,1,0,
2026-06-26T00:03:46.616,1934580,607,0.4925333333333333,0.7216666666666666,0.6656,90.0,5000,198.0,1,196.23,0.851,197.93,0.925,182,0.994,0.05,1392,0,89.5,-,Belum ditandai,unset,0.3,1,0,
2026-06-26T00:03:47.115,1935051,610,0.49479999999999996,0.7222666666666666,0.6672,90.0,5000,198.0,1,196.24,0.851,197.94,0.925,182,0.994,0.05,1392,0,89.5,-,Belum ditandai,unset,0.3,1,0,
2026-06-26T00:03:47.612,1935586,606,0.49333333333333335,0.7225333333333332,0.668,90.0,5000,198.0,1,196.24,0.851,197.94,0.925,182,0.994,0.05,1392,0,89.5,-,Belum ditandai,unset,0.3,1,0,
2026-06-26T00:03:48.110,1936055,600,0.4921333333333333,0.7214666666666666,0.6643333333333333,90.0,5000,198.0,1,196.22,0.849,197.92,0.923,182,0.996,0.05,1392,0,89.5,-,Belum ditandai,unset,0.3,1,0,
2026-06-26T00:03:48.608,1936590,617,0.49133333333333334,0.7191333333333333,0.6573333333333334,90.0,5000,198.0,1,196.22,0.849,197.92,0.923,182,0.996,0.05,1392,0,89.5,-,Belum ditandai,unset,0.3,1,0,
2026-06-26T00:03:49.105,1937061,620,0.4908666666666666,0.7167999999999999,0.6498,90.0,5000,198.0,1,196.24,0.85,197.94,0.924,182,0.995,0.05,1392,0,89.5,-,Belum ditandai,unset,0.3,1,0,
2026-06-26T00:03:49.728,1937703,617,0.4938666666666666,0.7162000000000001,0.6480666666666667,90.0,5000,198.0,1,196.24,0.85,197.94,0.924,182,0.995,0.05,1392,0,89.5,-,Belum ditandai,unset,0.3,1,0,
2026-06-26T00:03:50.335,1938280,602,0.4904,0.7158666666666667,0.6473333333333334,90.0,5000,198.0,1,196.25,0.851,197.95,0.925,182,0.993,0.05,1392,0,89.5,-,Belum ditandai,unset,0.3,1,0,
2026-06-26T00:03:50.896,1938856,600,0.4896,0.7150666666666666,0.645,90.0,5000,198.0,1,196.24,0.851,197.94,0.925,182,0.994,0.05,1392,0,89.5,-,Belum ditandai,unset,0.3,1,0,
2026-06-26T00:03:51.394,1939392,611,0.48706666666666665,0.7146666666666666,0.644,90.0,5000,198.0,1,196.24,0.851,197.94,0.925,182,0.994,0.05,1392,0,89.5,-,Belum ditandai,unset,0.3,1,0,
2026-06-26T00:03:51.894,1939861,597,0.48693333333333333,0.7149333333333333,0.6448,90.0,5000,198.0,1,196.23,0.851,197.93,0.925,182,0.994,0.05,1392,0,89.5,-,Belum ditandai,unset,0.3,1,0,
2026-06-26T00:03:52.393,1940397,587,0.4854,0.715,0.6453333333333333,90.0,5000,198.0,1,196.23,0.851,197.93,0.925,182,0.994,0.05,1392,0,89.5,-,Belum ditandai,unset,0.3,1,0,
2026-06-26T00:03:53.000,1940974,590,0.48466666666666663,0.7152666666666666,0.6459333333333334,90.0,5000,198.0,1,196.15,0.852,197.85,0.926,182,0.993,0.05,1392,0,89.5,-,Belum ditandai,unset,0.3,1,0,
2026-06-26T00:03:53.502,1941509,606,0.4862,0.7154666666666666,0.6463333333333333,90.0,5000,198.0,1,196.15,0.852,197.85,0.926,182,0.993,0.05,1392,0,89.5,-,Belum ditandai,unset,0.3,1,0,
2026-06-26T00:03:54.001,1941979,613,0.48646666666666666,0.7160666666666666,0.6480666666666667,90.0,5000,198.0,1,196.16,0.853,197.86,0.927,182,0.992,0.05,1392,0,89.5,-,Belum ditandai,unset,0.3,1,0,
2026-06-26T00:03:54.498,1942514,598,0.48666666666666664,0.7155333333333332,0.6468,90.0,5000,198.0,1,196.16,0.853,197.86,0.927,182,0.992,0.05,1392,0,89.5,-,Belum ditandai,unset,0.3,1,0,
2026-06-26T00:03:54.997,1942984,608,0.486,0.7148666666666667,0.6450666666666667,90.0,5000,198.0,1,196.16,0.852,197.86,0.926,182,0.993,0.05,1392,0,89.5,-,Belum ditandai,unset,0.3,1,0,
2026-06-26T00:03:55.558,1943519,607,0.487,0.7130666666666666,0.6395333333333333,90.0,5000,198.0,1,196.16,0.852,197.86,0.926,182,0.993,0.05,1392,0,89.5,-,Belum ditandai,unset,0.3,1,0,
2026-06-26T00:03:56.117,1944096,604,0.4873333333333333,0.7131333333333333,0.6396666666666667,90.0,5000,198.0,1,196.12,0.852,197.83,0.926,182,0.993,0.05,1392,0,89.5,-,Belum ditandai,unset,0.3,1,0,
2026-06-26T00:03:56.617,1944631,610,0.48813333333333336,0.7143999999999999,0.6434666666666667,90.0,5000,198.0,1,196.12,0.852,197.83,0.926,182,0.993,0.05,1392,0,89.5,-,Belum ditandai,unset,0.3,1,0,
2026-06-26T00:03:57.118,1945101,610,0.4882666666666667,0.7154666666666666,0.6466666666666667,90.0,5000,198.0,1,196.11,0.851,197.82,0.925,182,0.994,0.05,1392,0,89.5,-,Belum ditandai,unset,0.3,1,0,
2026-06-26T00:03:57.616,1945636,605,0.485,0.7164666666666667,0.6497333333333334,90.0,5000,198.0,1,196.11,0.851,197.82,0.925,182,0.994,0.05,1392,0,89.5,-,Belum ditandai,unset,0.3,1,0,
2026-06-26T00:03:58.115,1946106,598,0.4857333333333333,0.7164666666666667,0.6499333333333334,90.0,5000,198.0,1,196.09,0.852,197.8,0.926,182,0.993,0.05,1392,0,89.5,-,Belum ditandai,unset,0.3,1,0,
2026-06-26T00:03:58.613,1946641,624,0.486,0.7174666666666667,0.6524,90.0,5000,198.0,1,196.09,0.852,197.8,0.926,182,0.993,0.05,1392,0,89.5,-,Belum ditandai,unset,0.3,1,0,
2026-06-26T00:03:59.112,1947111,605,0.4877333333333333,0.7191333333333333,0.6573333333333334,90.0,5000,198.0,1,196.12,0.851,197.83,0.925,182,0.994,0.05,1392,0,89.5,-,Belum ditandai,unset,0.3,1,0,
2026-06-26T00:03:59.614,1947646,613,0.48933333333333334,0.7183333333333334,0.6548,90.0,5000,198.0,1,196.12,0.851,197.83,0.925,182,0.994,0.05,1392,0,89.5,-,Belum ditandai,unset,0.3,1,0,
2026-06-26T00:04:00.114,1948116,607,0.49066666666666664,0.7182666666666666,0.6548,90.0,5000,198.0,1,196.09,0.85,197.8,0.924,182,0.995,0.05,1392,0,89.5,-,Belum ditandai,unset,0.3,1,0,
2026-06-26T00:04:00.615,1948651,606,0.48979999999999996,0.7164666666666667,0.6491333333333333,90.0,5000,198.0,1,196.09,0.85,197.8,0.924,182,0.995,0.05,1392,0,89.5,-,Belum ditandai,unset,0.3,1,0,
2026-06-26T00:04:01.115,1949121,627,0.49139999999999995,0.7168666666666667,0.6500666666666668,90.0,5000,198.0,1,196.17,0.85,197.87,0.924,182,0.995,0.05,1392,0,89.5,-,Belum ditandai,unset,0.3,1,0,
2026-06-26T00:04:01.612,1949656,616,0.49246666666666666,0.7183333333333334,0.6549333333333334,90.0,5000,198.0,1,196.17,0.85,197.87,0.924,182,0.995,0.05,1392,0,89.5,-,Belum ditandai,unset,0.3,1,0,
2026-06-26T00:04:02.111,1950126,607,0.49139999999999995,0.7189333333333333,0.6568666666666666,90.0,5000,198.0,1,196.15,0.851,197.85,0.925,182,0.994,0.05,1392,0,89.5,-,Belum ditandai,unset,0.3,1,0,
2026-06-26T00:04:02.676,1950661,606,0.4903333333333333,0.7175333333333334,0.6526,90.0,5000,198.0,1,196.15,0.851,197.85,0.925,182,0.994,0.05,1392,0,89.5,-,Belum ditandai,unset,0.3,1,0,
2026-06-26T00:04:03.234,1951238,627,0.489,0.7173333333333333,0.6518,90.0,5000,198.0,1,196.15,0.85,197.85,0.924,182,0.995,0.05,1392,0,89.5,-,Belum ditandai,unset,0.3,1,0,
2026-06-26T00:04:03.733,1951773,598,0.4871333333333333,0.7169333333333333,0.6506000000000001,90.0,5000,198.0,1,196.15,0.85,197.85,0.924,182,0.995,0.05,1392,0,89.5,-,Belum ditandai,unset,0.3,1,0,
2026-06-26T00:04:04.233,1952243,609,0.48793333333333333,0.7179333333333333,0.6536666666666666,90.0,5000,198.0,1,196.17,0.85,197.87,0.924,182,0.995,0.05,1392,0,89.5,-,Belum ditandai,unset,0.3,1,0,
2026-06-26T00:04:04.731,1952778,609,0.4877333333333333,0.7183333333333334,0.6550666666666667,90.0,5000,198.0,1,196.17,0.85,197.87,0.924,182,0.995,0.05,1392,0,89.5,-,Belum ditandai,unset,0.3,1,0,
2026-06-26T00:04:05.231,1953248,621,0.4885333333333333,0.7187333333333332,0.6563333333333333,90.0,5000,198.0,1,196.2,0.85,197.9,0.924,182,0.995,0.05,1392,0,89.5,-,Belum ditandai,unset,0.3,1,0,
2026-06-26T00:04:05.728,1953783,615,0.49093333333333333,0.72,0.6600666666666667,90.0,5000,198.0,1,196.2,0.85,197.9,0.924,182,0.995,0.05,1392,0,89.5,-,Belum ditandai,unset,0.3,1,0,
2026-06-26T00:04:06.335,1954360,584,0.49,0.7196666666666667,0.659,90.0,5000,198.0,1,196.22,0.851,197.92,0.925,182,0.994,0.05,1392,0,89.5,-,Belum ditandai,unset,0.3,1,0,
2026-06-26T00:04:06.880,1954937,614,0.4887333333333333,0.7184,0.6549333333333334,90.0,5000,198.0,1,196.21,0.85,197.91,0.924,182,0.995,0.05,1392,0,89.5,-,Belum ditandai,unset,0.3,1,0,
2026-06-26T00:04:07.426,1955472,637,0.48819999999999997,0.7175999999999999,0.6532,90.0,5000,198.0,1,196.21,0.85,197.91,0.924,182,0.995,0.05,1392,0,89.5,-,Belum ditandai,unset,0.3,1,0,
2026-06-26T00:04:07.925,1955942,606,0.4884,0.718,0.6542666666666667,90.0,5000,198.0,1,196.22,0.849,197.92,0.923,182,0.996,0.05,1392,0,89.5,-,Belum ditandai,unset,0.3,1,0,
2026-06-26T00:04:08.425,1956477,602,0.4907333333333333,0.7190666666666666,0.6574666666666666,90.0,5000,198.0,1,196.22,0.849,197.92,0.923,182,0.996,0.05,1392,0,89.5,-,Belum ditandai,unset,0.3,1,0,
2026-06-26T00:04:09.033,1957054,611,0.492,0.7183333333333334,0.6553333333333333,90.0,5000,198.0,1,196.26,0.85,197.96,0.924,182,0.994,0.05,1392,0,89.5,-,Belum ditandai,unset,0.3,1,0,
2026-06-26T00:04:09.531,1957589,601,0.4890666666666667,0.7174666666666667,0.6526666666666667,90.0,5000,198.0,1,196.26,0.85,197.96,0.924,182,0.994,0.05,1392,0,89.5,-,Belum ditandai,unset,0.3,1,0,
2026-06-26T00:04:10.029,1958059,603,0.48813333333333336,0.7159333333333333,0.6484000000000001,90.0,5000,198.0,1,196.26,0.85,197.96,0.924,182,0.994,0.05,1392,0,89.5,-,Belum ditandai,unset,0.3,1,0,
2026-06-26T00:04:10.576,1958594,601,0.48766666666666664,0.7161333333333333,0.6488666666666667,90.0,5000,198.0,1,196.26,0.85,197.96,0.924,182,0.994,0.05,1392,0,89.5,-,Belum ditandai,unset,0.3,1,0,
2026-06-26T00:04:11.140,1959171,613,0.48946666666666666,0.7162000000000001,0.6488666666666667,90.0,5000,198.0,1,196.2,0.85,197.9,0.924,182,0.995,0.05,1392,0,89.5,-,Belum ditandai,unset,0.3,1,0,
2026-06-26T00:04:11.636,1959706,609,0.4908666666666666,0.7153333333333334,0.6464,90.0,5000,198.0,1,196.2,0.85,197.9,0.924,182,0.995,0.05,1392,0,89.5,-,Belum ditandai,unset,0.3,1,0,
2026-06-26T00:04:12.135,1960176,599,0.4916,0.7156,0.6472666666666667,90.0,5000,198.0,1,196.2,0.853,197.9,0.927,182,0.992,0.05,1392,0,89.5,-,Belum ditandai,unset,0.3,1,0,
2026-06-26T00:04:12.636,1960711,617,0.49266666666666664,0.7159333333333333,0.6483333333333333,90.0,5000,198.0,1,196.2,0.853,197.9,0.927,182,0.992,0.05,1392,0,89.5,-,Belum ditandai,unset,0.3,1,0,
2026-06-26T00:04:13.246,1961288,612,0.49179999999999996,0.7172,0.6518666666666667,90.0,5000,198.0,1,196.2,0.851,197.9,0.925,182,0.994,0.05,1392,0,89.5,-,Belum ditandai,unset,0.3,1,0,
2026-06-26T00:04:13.931,1961972,612,0.49146666666666666,0.7183333333333334,0.6551333333333333,90.0,5000,198.0,1,196.22,0.851,197.92,0.925,182,0.994,0.05,1392,0,89.5,-,Belum ditandai,unset,0.3,1,0,
2026-06-26T00:04:14.465,1962508,623,0.49246666666666666,0.7192000000000001,0.6578,90.0,5000,198.0,1,196.22,0.851,197.92,0.925,182,0.994,0.05,1392,0,89.5,-,Belum ditandai,unset,0.3,1,0,
2026-06-26T00:04:15.021,1963085,614,0.49446666666666667,0.7197999999999999,0.6594666666666668,90.0,5000,198.0,1,196.18,0.85,197.88,0.924,182,0.995,0.05,1392,0,89.5,-,Belum ditandai,unset,0.3,1,0,
2026-06-26T00:04:15.583,1963620,599,0.4938,0.7199333333333333,0.6596,90.0,5000,198.0,1,196.18,0.85,197.88,0.924,182,0.995,0.05,1392,0,89.5,-,Belum ditandai,unset,0.3,1,0,
2026-06-26T00:04:16.140,1964197,604,0.49273333333333336,0.7196,0.6586000000000001,90.0,5000,198.0,1,196.16,0.85,197.86,0.924,182,0.995,0.05,1392,0,89.5,-,Belum ditandai,unset,0.3,1,0,
2026-06-26T00:04:16.640,1964732,582,0.49006666666666665,0.7194,0.6576000000000001,90.0,5000,198.0,1,196.16,0.85,197.86,0.924,182,0.995,0.05,1392,0,89.5,-,Belum ditandai,unset,0.3,1,0,
2026-06-26T00:04:17.137,1965202,633,0.49046666666666666,0.7192000000000001,0.6574000000000001,90.0,5000,198.0,1,196.18,0.849,197.88,0.923,182,0.996,0.05,1392,0,89.5,-,Belum ditandai,unset,0.3,1,0,
2026-06-26T00:04:17.635,1965737,608,0.48946666666666666,0.7180666666666666,0.654,90.0,5000,198.0,1,196.18,0.849,197.88,0.923,182,0.996,0.05,1392,0,89.5,-,Belum ditandai,unset,0.3,1,0,
2026-06-26T00:04:18.136,1966207,612,0.4904,0.7188,0.6559333333333334,90.0,5000,198.0,1,196.13,0.849,197.84,0.923,182,0.996,0.05,1392,0,89.5,-,Belum ditandai,unset,0.3,1,0,
2026-06-26T00:04:18.681,1966742,606,0.49179999999999996,0.7187333333333332,0.6560666666666667,90.0,5000,198.0,1,196.13,0.849,197.84,0.923,182,0.996,0.05,1392,0,89.5,-,Belum ditandai,unset,0.3,1,0,
2026-06-26T00:04:19.246,1967319,610,0.49306666666666665,0.7197999999999999,0.659,90.0,5000,198.0,1,196.15,0.85,197.85,0.924,182,0.995,0.05,1392,0,89.5,-,Belum ditandai,unset,0.3,1,0,
2026-06-26T00:04:19.745,1967854,613,0.49260000000000004,0.7197333333333333,0.6587999999999999,90.0,5000,198.0,1,196.15,0.85,197.85,0.924,182,0.995,0.05,1392,0,89.5,-,Belum ditandai,unset,0.3,1,0,
2026-06-26T00:04:20.336,1968431,611,0.49266666666666664,0.7206666666666666,0.6614666666666668,90.0,5000,198.0,1,196.13,0.85,197.84,0.924,182,0.995,0.05,1392,0,89.5,-,Belum ditandai,unset,0.3,1,0,
2026-06-26T00:04:20.896,1969008,620,0.49106666666666665,0.7228666666666667,0.6678000000000001,90.0,5000,198.0,1,196.09,0.849,197.8,0.923,182,0.996,0.05,1392,0,89.5,-,Belum ditandai,unset,0.3,1,0,
2026-06-26T00:04:21.458,1969543,594,0.49006666666666665,0.7235999999999999,0.6703333333333333,90.0,5000,198.0,1,196.09,0.849,197.8,0.923,182,0.996,0.05,1392,0,89.5,-,Belum ditandai,unset,0.3,1,0,
2026-06-26T00:04:22.017,1970120,600,0.48693333333333333,0.7162000000000001,0.6478666666666667,90.0,5000,198.0,1,196.15,0.85,197.85,0.924,182,0.995,0.05,1392,0,89.5,-,Belum ditandai,unset,0.3,1,0,
2026-06-26T00:04:22.577,1970655,593,0.48319999999999996,0.7087333333333333,0.6265333333333333,90.0,5000,198.0,1,196.15,0.85,197.85,0.924,182,0.995,0.05,1392,0,89.5,-,Belum ditandai,unset,0.3,1,0,
2026-06-26T00:04:23.141,1971232,598,0.4795333333333333,0.7020666666666666,0.6062666666666666,90.0,5000,198.0,1,196.26,0.791,197.96,0.866,170,0.991,0.05,1392,0,89.5,-,Belum ditandai,unset,0.3,1,0,
2026-06-26T00:04:23.701,1971767,589,0.4778666666666666,0.7032,0.61,90.0,5000,198.0,1,196.26,0.791,197.96,0.866,170,0.991,0.05,1392,0,89.5,-,Belum ditandai,unset,0.3,1,0,
2026-06-26T00:04:24.261,1972344,605,0.4775333333333333,0.7028666666666666,0.6083999999999999,90.0,5000,198.0,1,196.3,0.792,198.0,0.867,171,0.996,0.05,1392,0,89.5,-,Belum ditandai,unset,0.3,1,0,
2026-06-26T00:04:24.944,1973028,594,0.477,0.7021999999999999,0.6068666666666667,90.0,5000,198.0,1,196.32,0.792,198.02,0.867,171,0.996,0.05,1392,0,89.5,-,Belum ditandai,unset,0.3,1,0,
2026-06-26T00:04:25.442,1973563,603,0.48166666666666663,0.7028666666666666,0.6093333333333334,90.0,5000,198.0,1,196.32,0.792,198.02,0.867,171,0.996,0.05,1392,0,89.5,-,Belum ditandai,unset,0.3,1,0,
2026-06-26T00:04:25.938,1974033,603,0.4815333333333333,0.7021999999999999,0.6075333333333333,90.0,5000,198.0,1,196.31,0.793,198.01,0.868,171,0.994,0.05,1392,0,89.5,-,Belum ditandai,unset,0.3,1,0,
2026-06-26T00:04:26.437,1974568,570,0.48186666666666667,0.7024,0.6078666666666667,90.0,5000,198.0,1,196.31,0.793,198.01,0.868,171,0.994,0.05,1392,0,89.5,-,Belum ditandai,unset,0.3,1,0,
2026-06-26T00:04:26.934,1975038,593,0.4777333333333333,0.7016666666666665,0.6052666666666667,90.0,5000,198.0,1,196.32,0.791,198.02,0.866,170,0.991,0.05,1392,0,89.5,-,Belum ditandai,unset,0.3,1,0,
2026-06-26T00:04:27.432,1975573,598,0.47873333333333334,0.702,0.606,90.0,5000,198.0,1,196.32,0.791,198.02,0.866,170,0.991,0.05,1392,0,89.5,-,Belum ditandai,unset,0.3,1,0,
2026-06-26T00:04:27.932,1976043,592,0.47786666666666666,0.7011333333333333,0.6033333333333333,90.0,5000,198.0,1,196.26,0.791,197.96,0.866,170,0.991,0.05,1392,0,89.5,-,Belum ditandai,unset,0.3,1,0,
2026-06-26T00:04:28.488,1976578,587,0.4797333333333333,0.7009333333333333,0.6028,90.0,5000,198.0,1,196.26,0.791,197.96,0.866,170,0.991,0.05,1392,0,89.5,-,Belum ditandai,unset,0.3,1,0,
2026-06-26T00:04:29.048,1977155,597,0.47946666666666665,0.7008666666666666,0.6023999999999999,90.0,5000,198.0,1,196.29,0.79,197.99,0.865,170,0.992,0.05,1392,0,89.5,-,Belum ditandai,unset,0.3,1,0,
2026-06-26T00:04:29.546,1977690,604,0.481,0.7018666666666665,0.6052666666666667,90.0,5000,198.0,1,196.29,0.79,197.99,0.865,170,0.992,0.05,1392,0,89.5,-,Belum ditandai,unset,0.3,1,0,
2026-06-26T00:04:30.045,1978160,596,0.4795333333333333,0.7022666666666666,0.6060666666666666,90.0,5000,198.0,1,196.31,0.791,198.01,0.866,170,0.991,0.05,1392,0,89.5,-,Belum ditandai,unset,0.3,1,0,
2026-06-26T00:04:30.544,1978695,621,0.48019999999999996,0.7021333333333334,0.6060666666666666,90.0,5000,198.0,1,196.31,0.791,198.01,0.866,170,0.991,0.05,1392,0,89.5,-,Belum ditandai,unset,0.3,1,0,
2026-06-26T00:04:31.044,1979165,596,0.4781333333333333,0.7022666666666666,0.6068,90.0,5000,198.0,1,196.3,0.791,198.0,0.866,170,0.991,0.05,1392,0,89.5,-,Belum ditandai,unset,0.3,1,0,
2026-06-26T00:04:31.601,1979700,588,0.47919999999999996,0.7026666666666667,0.6081333333333333,90.0,5000,198.0,1,196.3,0.791,198.0,0.866,170,0.991,0.05,1392,0,89.5,-,Belum ditandai,unset,0.3,1,0,
2026-06-26T00:04:32.149,1980277,595,0.4795333333333333,0.7035999999999999,0.6113333333333333,90.0,5000,198.0,1,196.28,0.791,197.98,0.866,170,0.991,0.05,1392,0,89.5,-,Belum ditandai,unset,0.3,1,0,
2026-06-26T00:04:32.707,1980812,580,0.47746666666666665,0.703,0.6096,90.0,5000,198.0,1,196.28,0.791,197.98,0.866,170,0.991,0.05,1392,0,89.5,-,Belum ditandai,unset,0.3,1,0,
2026-06-26T00:04:33.269,1981389,582,0.477,0.7032666666666666,0.6103333333333333,90.0,5000,198.0,1,196.25,0.791,197.95,0.866,170,0.991,0.05,1392,0,89.5,-,Belum ditandai,unset,0.3,1,0,
2026-06-26T00:04:33.769,1981924,596,0.47906666666666664,0.7032666666666666,0.61,90.0,5000,198.0,1,196.25,0.791,197.95,0.866,170,0.991,0.05,1392,0,89.5,-,Belum ditandai,unset,0.3,1,0,
2026-06-26T00:04:34.266,1982394,596,0.4792666666666667,0.7032666666666666,0.6096666666666667,90.0,5000,198.0,1,196.29,0.791,197.99,0.866,170,0.991,0.05,1392,0,89.5,-,Belum ditandai,unset,0.3,1,0,
2026-06-26T00:04:34.766,1982929,588,0.4791333333333333,0.702,0.606,90.0,5000,198.0,1,196.29,0.791,197.99,0.866,170,0.991,0.05,1392,0,89.5,-,Belum ditandai,unset,0.3,1,0,
2026-06-26T00:04:35.265,1983399,588,0.4782666666666666,0.7014666666666666,0.6043333333333333,90.0,5000,198.0,1,196.32,0.791,198.02,0.866,170,0.991,0.05,1392,0,89.5,-,Belum ditandai,unset,0.3,1,0,
2026-06-26T00:04:35.762,1983934,598,0.47919999999999996,0.7002,0.6006,90.0,5000,198.0,1,196.32,0.791,198.02,0.866,170,0.991,0.05,1392,0,89.5,-,Belum ditandai,unset,0.3,1,0,
2026-06-26T00:04:36.261,1984404,594,0.47866666666666663,0.6991999999999999,0.5973333333333333,90.0,5000,198.0,1,196.31,0.791,198.01,0.866,170,0.991,0.05,1392,0,89.5,-,Belum ditandai,unset,0.3,1,0,
2026-06-26T00:04:36.760,1984939,590,0.48006666666666664,0.6995333333333332,0.5983333333333333,90.0,5000,198.0,1,196.31,0.791,198.01,0.866,170,0.991,0.05,1392,0,89.5,-,Belum ditandai,unset,0.3,1,0,
2026-06-26T00:04:37.383,1985516,592,0.4802666666666667,0.7000666666666666,0.5996666666666666,90.0,5000,198.0,1,196.3,0.792,198.0,0.867,171,0.996,0.05,1392,0,89.5,-,Belum ditandai,unset,0.3,1,0,
2026-06-26T00:04:37.943,1986093,606,0.481,0.701,0.6026666666666666,90.0,5000,198.0,1,196.29,0.792,197.99,0.867,170,0.99,0.05,1392,0,89.5,-,Belum ditandai,unset,0.3,1,0,
2026-06-26T00:04:38.503,1986628,597,0.47946666666666665,0.7014666666666666,0.6036666666666667,90.0,5000,198.0,1,196.29,0.792,197.99,0.867,170,0.99,0.05,1392,0,89.5,-,Belum ditandai,unset,0.3,1,0,
2026-06-26T00:04:39.065,1987205,595,0.4777333333333333,0.701,0.6023999999999999,90.0,5000,198.0,1,196.27,0.791,197.97,0.866,170,0.991,0.05,1392,0,89.5,-,Belum ditandai,unset,0.3,1,0,
2026-06-26T00:04:39.563,1987740,565,0.4766666666666666,0.701,0.6026666666666666,90.0,5000,198.0,1,196.27,0.791,197.97,0.866,170,0.991,0.05,1392,0,89.5,-,Belum ditandai,unset,0.3,1,0,
2026-06-26T00:04:40.059,1988210,596,0.478,0.7003333333333333,0.6011333333333333,90.0,5000,198.0,1,196.26,0.79,197.96,0.865,170,0.992,0.05,1392,0,89.5,-,Belum ditandai,unset,0.3,1,0,
2026-06-26T00:04:40.683,1988852,595,0.4782666666666666,0.7018666666666665,0.6061333333333334,90.0,5000,198.0,1,196.26,0.79,197.96,0.865,170,0.992,0.05,1392,0,89.5,-,Belum ditandai,unset,0.3,1,0,
2026-06-26T00:04:41.242,1989429,585,0.4792666666666667,0.7020666666666666,0.6068,90.0,5000,198.0,1,196.28,0.791,197.98,0.866,170,0.991,0.05,1392,0,89.5,-,Belum ditandai,unset,0.3,1,0,
2026-06-26T00:04:41.805,1989964,596,0.4792666666666667,0.7026,0.6083999999999999,90.0,5000,198.0,1,196.28,0.791,197.98,0.866,170,0.991,0.05,1392,0,89.5,-,Belum ditandai,unset,0.3,1,0,
2026-06-26T00:04:42.351,1990541,613,0.481,0.7014666666666666,0.6047333333333333,90.0,5000,198.0,1,196.27,0.791,197.97,0.866,170,0.991,0.05,1392,0,89.5,-,Belum ditandai,unset,0.3,1,0,
2026-06-26T00:04:42.972,1991118,592,0.4799333333333333,0.7015999999999999,0.6047999999999999,90.0,5000,198.0,1,196.3,0.792,198.0,0.867,171,0.996,0.05,1392,0,89.5,-,Belum ditandai,unset,0.3,1,0,
2026-06-26T00:04:43.471,1991653,588,0.4775333333333333,0.7007333333333333,0.6022,90.0,5000,198.0,1,196.3,0.792,198.0,0.867,171,0.996,0.05,1392,0,89.5,-,Belum ditandai,unset,0.3,1,0,
2026-06-26T00:04:43.970,1992123,576,0.4760666666666667,0.701,0.603,90.0,5000,198.0,1,196.28,0.792,197.98,0.867,170,0.99,0.05,1392,0,89.5,-,Belum ditandai,unset,0.3,1,0,
2026-06-26T00:04:44.469,1992658,596,0.4756666666666666,0.7000666666666666,0.6005333333333333,90.0,5000,198.0,1,196.28,0.792,197.98,0.867,170,0.99,0.05,1392,0,89.5,-,Belum ditandai,unset,0.3,1,0,
2026-06-26T00:04:44.967,1993128,587,0.47753333333333337,0.7005999999999999,0.6014666666666667,90.0,5000,198.0,1,196.28,0.792,197.98,0.867,171,0.996,0.05,1392,0,89.5,-,Belum ditandai,unset,0.3,1,0,
2026-06-26T00:04:45.467,1993663,570,0.47633333333333333,0.7001333333333333,0.5996,90.0,5000,198.0,1,196.28,0.792,197.98,0.867,171,0.996,0.05,1392,0,89.5,-,Belum ditandai,unset,0.3,1,0,
2026-06-26T00:04:45.965,1994133,597,0.48006666666666664,0.7002,0.5995333333333334,90.0,5000,198.0,1,196.29,0.792,197.99,0.867,171,0.996,0.05,1392,0,89.5,-,Belum ditandai,unset,0.3,1,0,
2026-06-26T00:04:46.465,1994668,579,0.4792666666666667,0.6996,0.5982,90.0,5000,198.0,1,196.29,0.792,197.99,0.867,171,0.996,0.05,1392,0,89.5,-,Belum ditandai,unset,0.3,1,0,
2026-06-26T00:04:46.968,1995137,596,0.47946666666666665,0.699,0.5966666666666666,90.0,5000,198.0,1,196.3,0.791,198.0,0.866,170,0.991,0.05,1392,0,89.5,-,Belum ditandai,unset,0.3,1,0,
2026-06-26T00:04:47.468,1995673,576,0.4777333333333333,0.699,0.5972000000000001,90.0,5000,198.0,1,196.3,0.791,198.0,0.866,170,0.991,0.05,1392,0,89.5,-,Belum ditandai,unset,0.3,1,0,
2026-06-26T00:04:47.966,1996142,596,0.47759999999999997,0.6994,0.5983333333333333,90.0,5000,198.0,1,196.26,0.791,197.96,0.866,170,0.991,0.05,1392,0,89.5,-,Belum ditandai,unset,0.3,1,0,
2026-06-26T00:04:48.586,1996785,598,0.4774,0.7011999999999999,0.6036666666666667,90.0,5000,198.0,1,196.26,0.791,197.96,0.866,170,0.991,0.05,1392,0,89.5,-,Belum ditandai,unset,0.3,1,0,
2026-06-26T00:04:49.085,1997255,593,0.4774,0.7028,0.6080666666666666,90.0,5000,198.0,1,196.29,0.79,197.99,0.865,170,0.992,0.05,1392,0,89.5,-,Belum ditandai,unset,0.3,1,0,
2026-06-26T00:04:49.585,1997790,598,0.4781333333333333,0.7050666666666666,0.6150666666666667,90.0,5000,198.0,1,196.29,0.79,197.99,0.865,170,0.992,0.05,1392,0,89.5,-,Belum ditandai,unset,0.3,1,0,
2026-06-26T00:04:50.083,1998260,596,0.4808,0.7058666666666666,0.6180666666666668,90.0,5000,198.0,1,196.29,0.789,197.99,0.864,170,0.993,0.05,1392,0,89.5,-,Belum ditandai,unset,0.3,1,0,
2026-06-26T00:04:50.581,1998795,601,0.48046666666666665,0.7049333333333333,0.6154666666666666,90.0,5000,198.0,1,196.29,0.789,197.99,0.864,170,0.993,0.05,1392,0,89.5,-,Belum ditandai,unset,0.3,1,0,
2026-06-26T00:04:51.079,1999265,583,0.47959999999999997,0.7035333333333332,0.6110666666666666,90.0,5000,198.0,1,196.31,0.789,198.01,0.864,170,0.993,0.05,1392,0,89.5,-,Belum ditandai,unset,0.3,1,0,
2026-06-26T00:04:51.576,1999800,584,0.4785333333333333,0.7038666666666666,0.6113333333333333,90.0,5000,198.0,1,196.31,0.789,198.01,0.864,170,0.993,0.05,1392,0,89.5,-,Belum ditandai,unset,0.3,1,0,
2026-06-26T00:04:52.187,2000377,615,0.48179999999999995,0.7051333333333333,0.6148666666666666,90.0,5000,198.0,1,196.26,0.789,197.96,0.864,170,0.993,0.05,1392,0,89.5,-,Belum ditandai,unset,0.3,1,0,
2026-06-26T00:04:52.722,2000912,600,0.4836,0.7066666666666667,0.6194666666666666,90.0,5000,198.0,1,196.26,0.789,197.96,0.864,170,0.993,0.05,1392,0,89.5,-,Belum ditandai,unset,0.3,1,0,
2026-06-26T00:04:53.276,2001489,587,0.4829333333333333,0.705,0.6145999999999999,90.0,5000,198.0,1,196.22,0.789,197.92,0.864,170,0.994,0.05,1392,0,89.5,-,Belum ditandai,unset,0.3,1,0,
2026-06-26T00:04:53.840,2002024,596,0.4793333333333333,0.7018666666666665,0.6052,90.0,5000,198.0,1,196.22,0.789,197.92,0.864,170,0.994,0.05,1392,0,89.5,-,Belum ditandai,unset,0.3,1,0,
2026-06-26T00:04:54.397,2002601,596,0.47806666666666664,0.7,0.5998,90.0,5000,198.0,1,196.23,0.788,197.93,0.863,170,0.995,0.05,1392,0,89.5,-,Belum ditandai,unset,0.3,1,0,
2026-06-26T00:04:54.961,2003178,590,0.483,0.7007999999999999,0.6022666666666666,90.0,5000,198.0,1,196.27,0.787,197.97,0.862,170,0.996,0.05,1392,0,89.5,-,Belum ditandai,unset,0.3,1,0,
2026-06-26T00:04:55.498,2003713,594,0.4828,0.6998,0.5993999999999999,90.0,5000,198.0,1,196.27,0.787,197.97,0.862,170,0.996,0.05,1392,0,89.5,-,Belum ditandai,unset,0.3,1,0,
2026-06-26T00:04:56.068,2004290,596,0.4826,0.6991333333333334,0.5975333333333332,90.0,5000,198.0,1,196.3,0.788,198.0,0.863,170,0.994,0.05,1392,0,89.5,-,Belum ditandai,unset,0.3,1,0,
2026-06-26T00:04:56.617,2004825,582,0.47573333333333334,0.6964,0.5892666666666666,90.0,5000,198.0,1,196.3,0.788,198.0,0.863,170,0.994,0.05,1392,0,89.5,-,Belum ditandai,unset,0.3,1,0,
2026-06-26T00:04:57.174,2005402,605,0.47713333333333335,0.6967333333333332,0.5901333333333334,90.0,5000,198.0,1,196.28,0.787,197.98,0.862,170,0.996,0.05,1392,0,89.5,-,Belum ditandai,unset,0.3,1,0,
2026-06-26T00:04:57.722,2005937,594,0.47426666666666667,0.6961333333333334,0.5887333333333333,90.0,5000,198.0,1,196.28,0.787,197.98,0.862,170,0.996,0.05,1392,0,89.5,-,Belum ditandai,unset,0.3,1,0,
2026-06-26T00:04:58.311,2006514,598,0.47559999999999997,0.6973333333333332,0.5925333333333334,90.0,5000,198.0,1,196.27,0.787,197.97,0.862,170,0.996,0.05,1392,0,89.5,-,Belum ditandai,unset,0.3,1,0,
2026-06-26T00:04:58.807,2007049,589,0.47406666666666664,0.6983333333333334,0.5958666666666665,90.0,5000,198.0,1,196.27,0.787,197.97,0.862,170,0.996,0.05,1392,0,89.5,-,Belum ditandai,unset,0.3,1,0,
2026-06-26T00:04:59.413,2007626,578,0.4766666666666666,0.6990666666666666,0.5975333333333332,90.0,5000,198.0,1,196.27,0.787,197.97,0.862,169,0.99,0.05,1392,0,89.5,-,Belum ditandai,unset,0.3,1,0,
2026-06-26T00:04:59.966,2008203,591,0.47706666666666664,0.7006666666666667,0.6022666666666666,90.0,5000,198.0,1,196.3,0.786,198.0,0.861,169,0.991,0.05,1392,0,89.5,-,Belum ditandai,unset,0.3,1,0,
2026-06-26T00:05:00.518,2008738,591,0.47806666666666664,0.7002,0.6009333333333333,90.0,5000,198.0,1,196.3,0.786,198.0,0.861,169,0.991,0.05,1392,0,89.5,-,Belum ditandai,unset,0.3,1,0,
2026-06-26T00:05:01.078,2009315,597,0.4795333333333333,0.7011999999999999,0.6036666666666667,90.0,5000,198.0,1,196.27,0.787,197.97,0.862,170,0.996,0.05,1392,0,89.5,-,Belum ditandai,unset,0.3,1,0,
2026-06-26T00:05:01.578,2009850,589,0.47906666666666664,0.7000666666666666,0.6002,90.0,5000,198.0,1,196.27,0.787,197.97,0.862,170,0.996,0.05,1392,0,89.5,-,Belum ditandai,unset,0.3,1,0,
2026-06-26T00:05:02.075,2010320,596,0.47846666666666665,0.6994666666666666,0.5982666666666667,90.0,5000,198.0,1,196.31,0.786,198.01,0.861,169,0.991,0.05,1392,0,89.5,-,Belum ditandai,unset,0.3,1,0,
2026-06-26T00:05:02.635,2010855,594,0.4774,0.6998666666666666,0.5996666666666666,90.0,5000,198.0,1,196.31,0.786,198.01,0.861,169,0.991,0.05,1392,0,89.5,-,Belum ditandai,unset,0.3,1,0,
2026-06-26T00:05:03.181,2011432,590,0.4776666666666667,0.7014666666666666,0.6042666666666666,90.0,5000,198.0,1,196.3,0.786,198.0,0.861,169,0.991,0.05,1392,0,89.5,-,Belum ditandai,unset,0.3,1,0,
2026-06-26T00:05:03.742,2011967,604,0.4791333333333333,0.7053999999999999,0.616,90.0,5000,198.0,1,196.3,0.786,198.0,0.861,169,0.991,0.05,1392,0,89.5,-,Belum ditandai,unset,0.3,1,0,
2026-06-26T00:05:04.287,2012544,600,0.482,0.7080666666666666,0.6235999999999999,90.0,5000,198.0,1,196.28,0.787,197.98,0.862,169,0.99,0.05,1392,0,89.5,-,Belum ditandai,unset,0.3,1,0,
2026-06-26T00:05:04.845,2013079,588,0.48366666666666663,0.7089333333333333,0.6264666666666667,90.0,5000,198.0,1,196.28,0.787,197.98,0.862,169,0.99,0.05,1392,0,89.5,-,Belum ditandai,unset,0.3,1,0,
2026-06-26T00:05:05.407,2013656,602,0.48386666666666667,0.7083999999999999,0.6252,90.0,5000,198.0,1,196.27,0.787,197.97,0.862,169,0.99,0.05,1392,0,89.5,-,Belum ditandai,unset,0.3,1,0,
2026-06-26T00:05:05.968,2014233,595,0.484,0.7086666666666666,0.626,90.0,5000,198.0,1,196.28,0.785,197.98,0.86,169,0.992,0.05,1392,0,89.5,-,Belum ditandai,unset,0.3,1,0,
2026-06-26T00:05:06.527,2014768,584,0.4821333333333333,0.7047333333333333,0.6142,90.0,5000,198.0,1,196.28,0.785,197.98,0.86,169,0.992,0.05,1392,0,89.5,-,Belum ditandai,unset,0.3,1,0,
2026-06-26T00:05:07.089,2015345,588,0.47959999999999997,0.7018666666666665,0.6051333333333333,90.0,5000,198.0,1,196.36,0.785,198.05,0.86,169,0.992,0.05,1392,0,89.5,-,Belum ditandai,unset,0.3,1,0,
2026-06-26T00:05:07.713,2015987,604,0.47586666666666666,0.6971333333333333,0.5909333333333333,90.0,5000,198.0,1,196.36,0.785,198.05,0.86,169,0.992,0.05,1392,0,89.5,-,Belum ditandai,unset,0.3,1,0,
2026-06-26T00:05:08.274,2016564,593,0.474,0.6973333333333332,0.5914666666666667,90.0,5000,198.0,1,196.29,0.785,197.99,0.86,169,0.992,0.05,1392,0,89.5,-,Belum ditandai,unset,0.3,1,0,
2026-06-26T00:05:08.837,2017099,591,0.47400000000000003,0.6967333333333332,0.5900666666666666,90.0,5000,198.0,1,196.29,0.785,197.99,0.86,169,0.992,0.05,1392,0,89.5,-,Belum ditandai,unset,0.3,1,0,
2026-06-26T00:05:09.384,2017676,586,0.47326666666666667,0.6973999999999999,0.5921333333333333,90.0,5000,198.0,1,196.35,0.785,198.04,0.86,169,0.992,0.05,1392,0,89.5,-,Belum ditandai,unset,0.3,1,0,
2026-06-26T00:05:10.003,2018252,598,0.4735333333333333,0.6963333333333332,0.5889333333333333,90.0,5000,198.0,1,196.38,0.786,198.07,0.861,169,0.99,0.06,1392,0,89.5,-,Belum ditandai,unset,0.3,1,0,
2026-06-26T00:05:10.528,2018787,571,0.47433333333333333,0.6968666666666666,0.5902666666666666,90.0,5000,198.0,1,196.38,0.786,198.07,0.861,169,0.99,0.06,1392,0,89.5,-,Belum ditandai,unset,0.3,1,0,
2026-06-26T00:05:11.077,2019364,581,0.475,0.6976666666666667,0.5928666666666665,90.0,5000,198.0,1,196.38,0.786,198.07,0.861,169,0.99,0.06,1392,0,89.5,-,Belum ditandai,unset,0.3,1,0,
2026-06-26T00:05:11.636,2019899,598,0.4768,0.6992666666666666,0.5977333333333333,90.0,5000,198.0,1,196.38,0.786,198.07,0.861,169,0.99,0.06,1392,0,89.5,-,Belum ditandai,unset,0.3,1,0,
2026-06-26T00:05:12.190,2020476,610,0.478,0.701,0.6032,90.0,5000,198.0,1,196.37,0.786,198.06,0.861,169,0.991,0.06,1392,0,89.5,-,Belum ditandai,unset,0.3,1,0,
2026-06-26T00:05:12.727,2021011,616,0.4814,0.7031333333333333,0.6092,90.0,5000,198.0,1,196.37,0.786,198.06,0.861,169,0.991,0.06,1392,0,89.5,-,Belum ditandai,unset,0.3,1,0,
2026-06-26T00:05:13.313,2021588,632,0.48366666666666663,0.7060666666666666,0.6174666666666667,90.0,5000,198.0,1,196.31,0.786,198.01,0.861,169,0.991,0.06,1392,0,89.5,-,Belum ditandai,unset,0.3,1,0,
2026-06-26T00:05:13.811,2022123,603,0.4856,0.7076666666666667,0.6221333333333334,90.0,5000,198.0,1,196.31,0.786,198.01,0.861,169,0.991,0.06,1392,0,89.5,-,Belum ditandai,unset,0.3,1,0,
2026-06-26T00:05:14.308,2022593,592,0.48433333333333334,0.7072666666666667,0.6212666666666666,90.0,5000,198.0,1,196.31,0.786,198.01,0.861,169,0.991,0.06,1392,0,89.5,-,Belum ditandai,unset,0.3,1,0,
2026-06-26T00:05:14.807,2023128,588,0.48133333333333334,0.7061333333333333,0.6179333333333333,90.0,5000,198.0,1,196.31,0.786,198.01,0.861,169,0.991,0.06,1392,0,89.5,-,Belum ditandai,unset,0.3,1,0,
2026-06-26T00:05:15.306,2023598,593,0.4796666666666667,0.7056666666666666,0.6169333333333333,90.0,5000,198.0,1,196.36,0.787,198.05,0.862,170,0.995,0.06,1392,0,89.5,-,Belum ditandai,unset,0.3,1,0,
2026-06-26T00:05:15.866,2024133,612,0.4824,0.7084666666666666,0.6252,90.0,5000,198.0,1,196.36,0.787,198.05,0.862,170,0.995,0.06,1392,0,89.5,-,Belum ditandai,unset,0.3,1,0,
2026-06-26T00:05:16.398,2024710,594,0.48506666666666665,0.7081333333333333,0.6246666666666666,90.0,5000,198.0,1,196.4,0.786,198.09,0.861,169,0.99,0.06,1392,0,89.5,-,Belum ditandai,unset,0.3,1,0,
2026-06-26T00:05:17.007,2025287,579,0.48213333333333336,0.7035333333333332,0.6105333333333333,90.0,5000,198.0,1,196.41,0.778,198.1,0.853,168,0.994,0.06,1392,0,89.5,-,Belum ditandai,unset,0.3,1,0,
2026-06-26T00:05:17.503,2025822,618,0.4759333333333334,0.6958666666666666,0.5876,90.0,5000,198.0,1,196.41,0.778,198.1,0.853,168,0.994,0.06,1392,0,89.5,-,Belum ditandai,unset,0.3,1,0,
2026-06-26T00:05:18.001,2026292,573,0.47113333333333335,0.6910000000000001,0.5729333333333333,90.0,5000,198.0,1,196.53,0.747,198.22,0.822,162,0.994,0.06,1392,0,89.5,-,Belum ditandai,unset,0.3,1,0,
2026-06-26T00:05:18.532,2026827,575,0.4684,0.6878,0.5636,90.0,5000,198.0,1,196.53,0.747,198.22,0.822,162,0.994,0.06,1392,0,89.5,-,Belum ditandai,unset,0.3,1,0,
2026-06-26T00:05:19.093,2027404,565,0.46626666666666666,0.6844,0.5531333333333334,90.0,5000,198.0,1,196.51,0.747,198.2,0.822,162,0.994,0.06,1392,0,89.5,-,Belum ditandai,unset,0.3,1,0,
2026-06-26T00:05:19.656,2027939,571,0.4640666666666667,0.6808666666666667,0.5426000000000001,90.0,5000,198.0,1,196.51,0.747,198.2,0.822,162,0.994,0.06,1392,0,89.5,-,Belum ditandai,unset,0.3,1,0,
2026-06-26T00:05:20.215,2028516,578,0.46359999999999996,0.6790666666666667,0.537,90.0,5000,198.0,1,196.52,0.747,198.21,0.822,162,0.994,0.06,1392,0,89.5,-,Belum ditandai,unset,0.3,1,0,
2026-06-26T00:05:20.714,2029051,572,0.4642666666666667,0.6792,0.5375333333333334,90.0,5000,198.0,1,196.52,0.747,198.21,0.822,162,0.994,0.06,1392,0,89.5,-,Belum ditandai,unset,0.3,1,0,
2026-06-26T00:05:21.321,2029628,580,0.4633333333333333,0.6783333333333333,0.5350666666666667,90.0,5000,198.0,1,196.48,0.749,198.17,0.824,162,0.992,0.06,1392,0,89.5,-,Belum ditandai,unset,0.3,1,0,
2026-06-26T00:05:21.818,2030163,582,0.4620666666666667,0.6790666666666667,0.5370666666666667,90.0,5000,198.0,1,196.48,0.749,198.17,0.824,162,0.992,0.06,1392,0,89.5,-,Belum ditandai,unset,0.3,1,0,
2026-06-26T00:05:22.319,2030633,568,0.4633333333333333,0.6799333333333334,0.5396666666666667,90.0,5000,198.0,1,196.49,0.747,198.18,0.822,162,0.994,0.06,1392,0,89.5,-,Belum ditandai,unset,0.3,1,0,
2026-06-26T00:05:22.818,2031168,582,0.46346666666666664,0.6809999999999999,0.5426666666666667,90.0,5000,198.0,1,196.49,0.747,198.18,0.822,162,0.994,0.06,1392,0,89.5,-,Belum ditandai,unset,0.3,1,0,
2026-06-26T00:05:23.319,2031638,574,0.46726666666666666,0.6822,0.5465333333333333,90.0,5000,198.0,1,196.44,0.746,198.13,0.821,162,0.995,0.06,1392,0,89.5,-,Belum ditandai,unset,0.3,1,0,
2026-06-26T00:05:23.818,2032173,571,0.4674,0.6846,0.5534666666666667,90.0,5000,198.0,1,196.44,0.746,198.13,0.821,162,0.995,0.06,1392,0,89.5,-,Belum ditandai,unset,0.3,1,0,
2026-06-26T00:05:24.307,2032643,594,0.4696,0.6858000000000001,0.5570666666666667,90.0,5000,198.0,1,196.45,0.746,198.14,0.821,162,0.995,0.06,1392,0,89.5,-,Belum ditandai,unset,0.3,1,0,
2026-06-26T00:05:24.868,2033178,570,0.46726666666666666,0.6867333333333333,0.5596666666666666,90.0,5000,198.0,1,196.45,0.746,198.14,0.821,162,0.995,0.06,1392,0,89.5,-,Belum ditandai,unset,0.3,1,0,
2026-06-26T00:05:25.429,2033755,581,0.4666666666666667,0.686,0.5576000000000001,90.0,5000,198.0,1,196.49,0.746,198.18,0.821,162,0.995,0.06,1392,0,89.5,-,Belum ditandai,unset,0.3,1,0,
2026-06-26T00:05:25.989,2034332,580,0.4674,0.6841333333333334,0.5518000000000001,90.0,5000,198.0,1,196.49,0.746,198.18,0.821,162,0.995,0.06,1392,0,89.5,-,Belum ditandai,unset,0.3,1,0,
2026-06-26T00:05:26.551,2034867,582,0.46653333333333336,0.6814,0.5432,90.0,5000,198.0,1,196.49,0.746,198.18,0.821,162,0.995,0.06,1392,0,89.5,-,Belum ditandai,unset,0.3,1,0,
2026-06-26T00:05:27.113,2035444,581,0.4672,0.6815333333333334,0.5436,90.0,5000,198.0,1,196.48,0.746,198.17,0.821,162,0.995,0.06,1392,0,89.5,-,Belum ditandai,unset,0.3,1,0,
2026-06-26T00:05:27.612,2035979,564,0.46726666666666666,0.6842,0.552,90.0,5000,198.0,1,196.48,0.746,198.17,0.821,162,0.995,0.06,1392,0,89.5,-,Belum ditandai,unset,0.3,1,0,
2026-06-26T00:05:28.111,2036449,591,0.4706666666666666,0.6880000000000001,0.5637333333333333,90.0,5000,198.0,1,196.48,0.746,198.17,0.821,162,0.995,0.06,1392,0,89.5,-,Belum ditandai,unset,0.3,1,0,
2026-06-26T00:05:28.608,2036984,578,0.4744,0.6923333333333334,0.5770666666666667,90.0,5000,198.0,1,196.48,0.746,198.17,0.821,162,0.995,0.06,1392,0,89.5,-,Belum ditandai,unset,0.3,1,0,
2026-06-26T00:05:29.108,2037454,585,0.47713333333333335,0.6961999999999999,0.5887333333333333,90.0,5000,198.0,1,196.47,0.746,198.16,0.821,162,0.995,0.06,1392,0,89.5,-,Belum ditandai,unset,0.3,1,0,
2026-06-26T00:05:29.669,2037989,597,0.4762,0.6952666666666667,0.586,90.0,5000,198.0,1,196.47,0.746,198.16,0.821,162,0.995,0.06,1392,0,89.5,-,Belum ditandai,unset,0.3,1,0,
2026-06-26T00:05:30.229,2038566,569,0.4718,0.6919333333333333,0.5760000000000001,90.0,5000,198.0,1,196.5,0.746,198.19,0.821,162,0.995,0.06,1392,0,89.5,-,Belum ditandai,unset,0.3,1,0,
2026-06-26T00:05:30.851,2039208,571,0.4705333333333333,0.6874,0.5622666666666666,90.0,5000,198.0,1,196.5,0.746,198.19,0.821,162,0.995,0.06,1392,0,89.5,-,Belum ditandai,unset,0.3,1,0,
2026-06-26T00:05:31.348,2039678,581,0.471,0.6883333333333332,0.5652666666666666,90.0,5000,198.0,1,196.5,0.745,198.19,0.82,162,0.996,0.06,1392,0,89.5,-,Belum ditandai,unset,0.3,1,0,
2026-06-26T00:05:31.848,2040213,582,0.4717333333333333,0.6893333333333334,0.5684,90.0,5000,198.0,1,196.5,0.745,198.19,0.82,162,0.996,0.06,1392,0,89.5,-,Belum ditandai,unset,0.3,1,0,
2026-06-26T00:05:32.347,2040683,584,0.4714,0.6898,0.5696666666666667,90.0,5000,198.0,1,196.48,0.746,198.17,0.821,162,0.995,0.06,1392,0,89.5,-,Belum ditandai,unset,0.3,1,0,
2026-06-26T00:05:32.845,2041218,584,0.4706666666666666,0.6876666666666666,0.5634,90.0,5000,198.0,1,196.48,0.746,198.17,0.821,162,0.995,0.06,1392,0,89.5,-,Belum ditandai,unset,0.3,1,0,
2026-06-26T00:05:33.344,2041688,592,0.46940000000000004,0.6856000000000001,0.557,90.0,5000,198.0,1,196.41,0.747,198.1,0.822,162,0.994,0.06,1392,0,89.5,-,Belum ditandai,unset,0.3,1,0,
2026-06-26T00:05:33.842,2042223,594,0.47226666666666667,0.6882666666666667,0.565,90.0,5000,198.0,1,196.41,0.747,198.1,0.822,162,0.994,0.06,1392,0,89.5,-,Belum ditandai,unset,0.3,1,0,
2026-06-26T00:05:34.341,2042693,582,0.47106666666666663,0.6885333333333333,0.5656,90.0,5000,198.0,1,196.43,0.747,198.12,0.822,162,0.994,0.06,1392,0,89.5,-,Belum ditandai,unset,0.3,1,0,
2026-06-26T00:05:34.841,2043228,579,0.47100000000000003,0.6904666666666667,0.5711999999999999,90.0,5000,198.0,1,196.43,0.747,198.12,0.822,162,0.994,0.06,1392,0,89.5,-,Belum ditandai,unset,0.3,1,0,
2026-06-26T00:05:35.339,2043698,581,0.4706,0.6896666666666668,0.5686,90.0,5000,198.0,1,196.43,0.745,198.12,0.82,161,0.991,0.06,1392,0,89.5,-,Belum ditandai,unset,0.3,1,0,
2026-06-26T00:05:36.008,2044381,578,0.4686,0.6854666666666667,0.5557333333333333,90.0,5000,198.0,1,196.45,0.745,198.14,0.82,161,0.99,0.06,1392,0,89.5,-,Belum ditandai,unset,0.3,1,0,
2026-06-26T00:05:36.570,2044917,578,0.46793333333333337,0.6849333333333334,0.5542,90.0,5000,198.0,1,196.45,0.745,198.14,0.82,161,0.99,0.06,1392,0,89.5,-,Belum ditandai,unset,0.3,1,0,
2026-06-26T00:05:37.132,2045493,575,0.4658666666666667,0.6851333333333334,0.5554666666666667,90.0,5000,198.0,1,196.44,0.747,198.13,0.822,162,0.994,0.06,1392,0,89.5,-,Belum ditandai,unset,0.3,1,0,
2026-06-26T00:05:37.630,2046028,589,0.46793333333333337,0.6867333333333333,0.5604666666666667,90.0,5000,198.0,1,196.44,0.747,198.13,0.822,162,0.994,0.06,1392,0,89.5,-,Belum ditandai,unset,0.3,1,0,
2026-06-26T00:05:38.128,2046498,583,0.47119999999999995,0.6875333333333333,0.5630000000000001,90.0,5000,198.0,1,196.43,0.745,198.12,0.82,161,0.991,0.06,1392,0,89.5,-,Belum ditandai,unset,0.3,1,0,
2026-06-26T00:05:38.627,2047033,588,0.47373333333333334,0.6880000000000001,0.5638666666666666,90.0,5000,198.0,1,196.43,0.745,198.12,0.82,161,0.991,0.06,1392,0,89.5,-,Belum ditandai,unset,0.3,1,0,
2026-06-26T00:05:39.127,2047503,580,0.47326666666666667,0.6888666666666666,0.5662666666666667,90.0,5000,198.0,1,196.44,0.745,198.13,0.82,161,0.99,0.06,1392,0,89.5,-,Belum ditandai,unset,0.3,1,0,
2026-06-26T00:05:39.625,2048038,622,0.47579999999999995,0.6890666666666667,0.5668,90.0,5000,198.0,1,196.44,0.745,198.13,0.82,161,0.99,0.06,1392,0,89.5,-,Belum ditandai,unset,0.3,1,0,
2026-06-26T00:05:40.126,2048508,596,0.47579999999999995,0.6904,0.5703999999999999,90.0,5000,198.0,1,196.44,0.746,198.13,0.821,162,0.995,0.06,1392,0,89.5,-,Belum ditandai,unset,0.3,1,0,
2026-06-26T00:05:40.625,2049043,566,0.47446666666666665,0.6896666666666665,0.5688,90.0,5000,198.0,1,196.44,0.746,198.13,0.821,162,0.995,0.06,1392,0,89.5,-,Belum ditandai,unset,0.3,1,0,
2026-06-26T00:05:41.124,2049513,605,0.47333333333333333,0.6906666666666667,0.5721333333333333,90.0,5000,198.0,1,196.45,0.746,198.14,0.821,162,0.995,0.06,1392,0,89.5,-,Belum ditandai,unset,0.3,1,0,
2026-06-26T00:05:41.686,2050048,579,0.4738,0.6932666666666666,0.5804666666666666,90.0,5000,198.0,1,196.45,0.746,198.14,0.821,162,0.995,0.06,1392,0,89.5,-,Belum ditandai,unset,0.3,1,0,
2026-06-26T00:05:42.244,2050625,590,0.4738,0.6951333333333333,0.5855333333333334,90.0,5000,198.0,1,196.45,0.746,198.14,0.821,162,0.995,0.06,1392,0,89.5,-,Belum ditandai,unset,0.3,1,0,
2026-06-26T00:05:42.864,2051267,616,0.47686666666666666,0.6966666666666667,0.5902666666666666,90.0,5000,198.0,1,196.45,0.746,198.14,0.821,162,0.995,0.06,1392,0,89.5,-,Belum ditandai,unset,0.3,1,0,
2026-06-26T00:05:43.364,2051737,582,0.4774,0.6955333333333333,0.5863333333333334,90.0,5000,198.0,1,196.48,0.747,198.17,0.822,162,0.994,0.06,1392,0,89.5,-,Belum ditandai,unset,0.3,1,0,
2026-06-26T00:05:43.860,2052272,576,0.4746666666666667,0.6934,0.5800666666666667,90.0,5000,198.0,1,196.48,0.747,198.17,0.822,162,0.994,0.06,1392,0,89.5,-,Belum ditandai,unset,0.3,1,0,
2026-06-26T00:05:44.362,2052742,599,0.4714,0.6906666666666667,0.5718666666666666,90.0,5000,198.0,1,196.47,0.747,198.16,0.822,162,0.994,0.06,1392,0,89.5,-,Belum ditandai,unset,0.3,1,0,
2026-06-26T00:05:45.029,2053426,572,0.46986666666666665,0.689,0.567,90.0,5000,198.0,1,196.44,0.747,198.13,0.822,162,0.994,0.06,1392,0,89.5,-,Belum ditandai,unset,0.3,1,0,
2026-06-26T00:05:45.528,2053961,584,0.4708,0.6891333333333333,0.5676666666666667,90.0,5000,198.0,1,196.44,0.747,198.13,0.822,162,0.994,0.06,1392,0,89.5,-,Belum ditandai,unset,0.3,1,0,
2026-06-26T00:05:46.027,2054431,581,0.4709333333333333,0.6903333333333334,0.5713333333333334,90.0,5000,198.0,1,196.49,0.746,198.18,0.821,162,0.995,0.06,1392,0,89.5,-,Belum ditandai,unset,0.3,1,0,
2026-06-26T00:05:46.558,2054966,600,0.47073333333333334,0.6914666666666667,0.5749333333333333,90.0,5000,198.0,1,196.49,0.746,198.18,0.821,162,0.995,0.06,1392,0,89.5,-,Belum ditandai,unset,0.3,1,0,
2026-06-26T00:05:47.110,2055544,578,0.47333333333333333,0.6938666666666666,0.5820666666666666,90.0,5000,198.0,1,196.48,0.746,198.17,0.821,162,0.995,0.06,1392,0,89.5,-,Belum ditandai,unset,0.3,1,0,
2026-06-26T00:05:47.671,2056079,588,0.4726666666666667,0.6933333333333332,0.5806,90.0,5000,198.0,1,196.48,0.746,198.17,0.821,162,0.995,0.06,1392,0,89.5,-,Belum ditandai,unset,0.3,1,0,
2026-06-26T00:05:48.234,2056656,580,0.4685333333333333,0.6921333333333333,0.5768666666666665,90.0,5000,198.0,1,196.47,0.746,198.16,0.821,162,0.995,0.06,1392,0,89.5,-,Belum ditandai,unset,0.3,1,0,
2026-06-26T00:05:48.794,2057191,576,0.46526666666666666,0.6893333333333334,0.5690000000000001,90.0,5000,198.0,1,196.47,0.746,198.16,0.821,162,0.995,0.06,1392,0,89.5,-,Belum ditandai,unset,0.3,1,0,
2026-06-26T00:05:49.356,2057767,585,0.46199999999999997,0.6866,0.5603333333333332,90.0,5000,198.0,1,196.46,0.746,198.15,0.821,162,0.995,0.06,1392,0,89.5,-,Belum ditandai,unset,0.3,1,0,
2026-06-26T00:05:50.008,2058451,597,0.4713333333333333,0.6918666666666666,0.5760000000000001,90.0,5000,198.0,1,196.45,0.746,198.14,0.821,162,0.995,0.06,1392,0,89.5,-,Belum ditandai,unset,0.3,1,0,
2026-06-26T00:05:50.535,2058986,603,0.4772666666666667,0.6996,0.5986666666666667,90.0,5000,198.0,1,196.45,0.746,198.14,0.821,162,0.995,0.06,1392,0,89.5,-,Belum ditandai,unset,0.3,1,0,
2026-06-26T00:05:51.145,2059563,594,0.48506666666666665,0.7074666666666667,0.6223333333333334,90.0,5000,198.0,1,196.47,0.745,198.16,0.82,161,0.99,0.06,1392,0,89.5,-,Belum ditandai,unset,0.3,1,0,
2026-06-26T00:05:51.641,2060098,595,0.4841333333333333,0.7088666666666666,0.6266,90.0,5000,198.0,1,196.47,0.745,198.16,0.82,161,0.99,0.06,1392,0,89.5,-,Belum ditandai,unset,0.3,1,0,
2026-06-26T00:05:52.250,2060675,581,0.47873333333333334,0.7057333333333332,0.6173333333333333,90.0,5000,198.0,1,196.48,0.745,198.17,0.82,161,0.99,0.06,1392,0,89.5,-,Belum ditandai,unset,0.3,1,0,
2026-06-26T00:05:52.747,2061210,579,0.47686666666666666,0.7034666666666667,0.6105999999999999,90.0,5000,198.0,1,196.48,0.745,198.17,0.82,161,0.99,0.06,1392,0,89.5,-,Belum ditandai,unset,0.3,1,0,
2026-06-26T00:05:53.245,2061680,596,0.4748,0.7003333333333333,0.6008666666666667,90.0,5000,198.0,1,196.46,0.746,198.15,0.821,162,0.995,0.06,1392,0,89.5,-,Belum ditandai,unset,0.3,1,0,
2026-06-26T00:05:53.745,2062215,601,0.47533333333333333,0.6983999999999999,0.5956666666666666,90.0,5000,198.0,1,196.46,0.746,198.15,0.821,162,0.995,0.06,1392,0,89.5,-,Belum ditandai,unset,0.3,1,0,
2026-06-26T00:05:54.367,2062792,615,0.4764,0.7004666666666667,0.6015999999999999,90.0,5000,198.0,1,196.5,0.746,198.19,0.821,162,0.995,0.06,1392,0,89.5,-,Belum ditandai,unset,0.3,1,0,
2026-06-26T00:05:54.864,2063327,618,0.4794,0.7025333333333333,0.6078666666666667,90.0,5000,198.0,1,196.5,0.746,198.19,0.821,162,0.995,0.06,1392,0,89.5,-,Belum ditandai,unset,0.3,1,0,
2026-06-26T00:05:55.362,2063798,615,0.48593333333333333,0.7076666666666667,0.6226666666666667,90.0,5000,198.0,1,196.46,0.758,198.15,0.833,164,0.993,0.06,1392,0,89.5,-,Belum ditandai,unset,0.3,1,0,
2026-06-26T00:05:55.856,2064333,600,0.4886666666666667,0.7128666666666666,0.6381333333333333,90.0,5000,198.0,1,196.46,0.758,198.15,0.833,164,0.993,0.06,1392,0,89.5,-,Belum ditandai,unset,0.3,1,0,
2026-06-26T00:05:56.360,2064803,626,0.4903333333333333,0.7162666666666666,0.6483333333333333,90.0,5000,198.0,1,196.29,0.804,197.99,0.878,173,0.995,0.06,1392,0,89.5,-,Belum ditandai,unset,0.3,1,0,
2026-06-26T00:05:56.856,2065338,610,0.491,0.7222666666666666,0.6665333333333334,90.0,5000,198.0,1,196.29,0.804,197.99,0.878,173,0.995,0.06,1392,0,89.5,-,Belum ditandai,unset,0.3,1,0,
2026-06-26T00:05:57.355,2065808,602,0.4917333333333333,0.7216,0.6647333333333333,90.0,5000,198.0,1,196.1,0.853,197.81,0.927,182,0.992,0.06,1392,0,89.5,-,Belum ditandai,unset,0.3,1,0,
2026-06-26T00:05:57.915,2066343,613,0.4945333333333333,0.7229333333333333,0.6684,90.0,5000,198.0,1,196.1,0.853,197.81,0.927,182,0.992,0.06,1392,0,89.5,-,Belum ditandai,unset,0.3,1,0,
2026-06-26T00:05:58.478,2066920,612,0.49346666666666666,0.7215333333333334,0.6644666666666666,90.0,5000,198.0,1,196.06,0.863,197.77,0.937,184,0.992,0.06,1392,0,89.5,-,Belum ditandai,unset,0.3,1,0,
2026-06-26T00:05:59.041,2067496,608,0.4936666666666667,0.7210666666666666,0.6631333333333334,90.0,5000,198.0,1,196.04,0.863,197.75,0.937,184,0.993,0.06,1392,0,89.5,-,Belum ditandai,unset,0.3,1,0,
2026-06-26T00:05:59.539,2068031,612,0.49179999999999996,0.7197999999999999,0.6599333333333334,90.0,5000,198.0,1,196.04,0.863,197.75,0.937,184,0.993,0.06,1392,0,89.5,-,Belum ditandai,unset,0.3,1,0,
2026-06-26T00:06:00.040,2068501,611,0.49260000000000004,0.7202,0.6608666666666667,90.0,5000,198.0,1,196.06,0.862,197.77,0.936,184,0.993,0.06,1392,0,89.5,-,Belum ditandai,unset,0.3,1,0,
2026-06-26T00:06:00.601,2069036,615,0.49279999999999996,0.7208,0.6623333333333333,90.0,5000,198.0,1,196.06,0.862,197.77,0.936,184,0.993,0.06,1392,0,89.5,-,Belum ditandai,unset,0.3,1,0,
2026-06-26T00:06:01.162,2069613,610,0.49426666666666663,0.7216666666666666,0.6648666666666667,90.0,5000,198.0,1,196.04,0.863,197.75,0.937,184,0.993,0.06,1392,0,89.5,-,Belum ditandai,unset,0.3,1,0,
2026-06-26T00:06:01.677,2070148,613,0.49273333333333336,0.7204666666666667,0.6615333333333333,90.0,5000,198.0,1,196.04,0.863,197.75,0.937,184,0.993,0.06,1392,0,89.5,-,Belum ditandai,unset,0.3,1,0,
2026-06-26T00:06:02.236,2070725,621,0.49479999999999996,0.7205333333333334,0.662,90.0,5000,198.0,1,196.05,0.861,197.76,0.935,184,0.995,0.06,1392,0,89.5,-,Belum ditandai,unset,0.3,1,0,
2026-06-26T00:06:02.798,2071260,609,0.49260000000000004,0.7198666666666667,0.6600666666666667,90.0,5000,198.0,1,196.05,0.861,197.76,0.935,184,0.995,0.06,1392,0,89.5,-,Belum ditandai,unset,0.3,1,0,
2026-06-26T00:06:03.360,2071837,594,0.494,0.7211333333333333,0.664,90.0,5000,198.0,1,196.0,0.861,197.71,0.935,184,0.995,0.06,1392,0,89.5,-,Belum ditandai,unset,0.3,1,0,
2026-06-26T00:06:03.922,2072372,589,0.49093333333333333,0.7219333333333332,0.6661333333333334,90.0,5000,198.0,1,196.0,0.861,197.71,0.935,184,0.995,0.06,1392,0,89.5,-,Belum ditandai,unset,0.3,1,0,
2026-06-26T00:06:04.438,2072949,608,0.4944,0.7224666666666667,0.6673333333333333,90.0,5000,198.0,1,196.01,0.861,197.72,0.935,184,0.995,0.06,1392,0,89.5,-,Belum ditandai,unset,0.3,1,0,
2026-06-26T00:06:05.055,2073526,612,0.4937333333333333,0.7216666666666666,0.6651333333333334,90.0,5000,198.0,1,196.04,0.861,197.75,0.935,184,0.995,0.06,1392,0,89.5,-,Belum ditandai,unset,0.3,1,0,
2026-06-26T00:06:05.563,2074061,616,0.4948666666666667,0.7204666666666667,0.6617333333333334,90.0,5000,198.0,1,196.04,0.861,197.75,0.935,184,0.995,0.06,1392,0,89.5,-,Belum ditandai,unset,0.3,1,0,
2026-06-26T00:06:06.151,2074638,616,0.49266666666666664,0.7205333333333334,0.6620666666666667,90.0,5000,198.0,1,196.05,0.861,197.76,0.935,184,0.995,0.06,1392,0,89.5,-,Belum ditandai,unset,0.3,1,0,
2026-06-26T00:06:06.691,2075173,606,0.4974,0.7217333333333333,0.6652666666666668,90.0,5000,198.0,1,196.05,0.861,197.76,0.935,184,0.995,0.06,1392,0,89.5,-,Belum ditandai,unset,0.3,1,0,
2026-06-26T00:06:07.257,2075750,557,0.4958666666666666,0.7194666666666667,0.6582000000000001,75.0,5000,165.0,1,196.05,0.862,197.76,0.936,184,0.994,0.06,1392,0,89.5,-,Belum ditandai,unset,0.3,1,0,
2026-06-26T00:06:07.778,2076285,510,0.4602,0.6764666666666667,0.53,75.0,5000,165.0,1,196.05,0.862,197.76,0.936,184,0.994,0.06,1392,0,89.5,-,Belum ditandai,unset,0.3,1,0,
2026-06-26T00:06:08.371,2076862,450,0.4282,0.6292666666666666,0.3894,75.0,5000,165.0,1,178.64,0.807,181.23,0.881,158,0.989,0.06,1392,0,89.5,-,Belum ditandai,unset,0.3,1,0,
2026-06-26T00:06:08.915,2077397,503,0.39826666666666666,0.5839333333333333,0.2541333333333333,75.0,5000,165.0,1,178.64,0.807,181.23,0.881,158,0.989,0.06,1392,0,89.5,-,Belum ditandai,unset,0.3,1,0,
2026-06-26T00:06:09.445,2077974,452,0.4032666666666667,0.5741999999999999,0.22406666666666666,65.0,5000,143.0,1,162.49,0.78,165.9,0.855,140,0.986,0.06,1392,0,89.5,-,Belum ditandai,unset,0.3,1,0,
2026-06-26T00:06:10.039,2078551,432,0.3827333333333333,0.5512,0.157,65.0,5000,143.0,1,147.83,0.712,151.98,0.788,117,0.976,0.06,1392,0,89.5,-,Belum ditandai,unset,0.3,1,0,
2026-06-26T00:06:10.584,2079086,430,0.36593333333333333,0.5286000000000001,0.09040000000000001,65.0,5000,143.0,1,147.83,0.712,151.98,0.788,117,0.976,0.06,1392,0,89.5,-,Belum ditandai,unset,0.3,1,0,
2026-06-26T00:06:11.182,2079664,450,0.3502,0.5114666666666667,0.039933333333333335,55.0,5000,121.0,1,140.93,0.691,145.43,0.767,109,0.977,0.06,1392,0,89.5,-,Belum ditandai,unset,0.3,1,0,
2026-06-26T00:06:11.803,2080306,398,0.34113333333333334,0.49939999999999996,0.027200000000000002,55.0,5000,121.0,1,140.93,0.691,145.43,0.767,109,0.977,0.06,1392,0,89.5,-,Belum ditandai,unset,0.3,1,0,
2026-06-26T00:06:12.366,2080883,402,0.33,0.48413333333333336,0.018000000000000002,55.0,5000,121.0,1,119.42,0.583,125.01,0.66,79,0.957,0.06,1392,0,89.5,-,Belum ditandai,unset,0.3,1,0,
2026-06-26T00:06:12.925,2081418,377,0.3095333333333333,0.4620666666666667,0.009666666666666665,55.0,5000,121.0,1,119.42,0.583,125.01,0.66,79,0.957,0.06,1392,0,89.5,-,Belum ditandai,unset,0.3,1,0,
2026-06-26T00:06:13.486,2081992,396,0.3038,0.44920000000000004,0.01,55.0,5000,121.0,1,96.07,0.461,102.85,0.54,53,0.954,0.06,1392,0,89.5,-,Belum ditandai,unset,0.3,1,0,
2026-06-26T00:06:14.044,2082572,361,0.2984666666666667,0.4404666666666667,0.01,55.0,5000,121.0,1,13.32,0.027,24.29,0.112,2,0.735,0.06,1392,0,89.5,-,Belum ditandai,unset,0.3,1,0,
2026-06-26T00:06:14.605,2083103,369,0.30239999999999995,0.44,0.01,55.0,5000,121.0,1,13.32,0.027,24.29,0.112,2,0.735,0.06,1392,0,89.5,-,Belum ditandai,unset,0.3,1,0,
2026-06-26T00:06:15.164,2083683,376,0.3026666666666667,0.4414666666666667,0.009666666666666665,55.0,5000,121.0,1,0.0,0.0,0.0,0.0,0,0.0,0.06,1392,0,89.5,-,Belum ditandai,unset,0.3,1,0,
2026-06-26T00:06:15.662,2084208,370,0.30106666666666665,0.4416,0.009333333333333332,55.0,5000,121.0,1,0.0,0.0,0.0,0.0,0,0.0,0.06,1392,0,89.5,-,Belum ditandai,unset,0.3,1,0,
2026-06-26T00:06:16.226,2084730,381,0.2998,0.4408,0.009,55.0,5000,121.0,1,0.0,0.0,0.0,0.0,0,0.0,0.06,1392,0,89.5,-,Belum ditandai,unset,0.3,1,0,
2026-06-26T00:06:16.726,2085255,358,0.2972666666666666,0.4406666666666667,0.009,55.0,5000,121.0,1,0.0,0.0,0.0,0.0,0,0.0,0.06,1392,0,89.5,-,Belum ditandai,unset,0.3,1,0,
2026-06-26T00:06:17.287,2085818,372,0.2964,0.4407333333333333,0.009,55.0,5000,121.0,1,0.0,0.0,0.0,0.0,0,0.0,0.06,1392,0,89.5,-,Belum ditandai,unset,0.3,1,0,
2026-06-26T00:06:17.786,2086343,377,0.2950666666666667,0.442,0.009,55.0,5000,121.0,1,0.0,0.0,0.0,0.0,0,0.0,0.06,1392,0,89.5,-,Belum ditandai,unset,0.3,1,0,
2026-06-26T00:06:18.286,2086823,375,0.2949333333333333,0.4404,0.009,55.0,5000,121.0,1,0.0,0.0,0.0,0.0,0,0.0,0.06,1392,0,89.5,-,Belum ditandai,unset,0.3,1,0,
2026-06-26T00:06:18.785,2087348,399,0.2996,0.4416,0.009,55.0,5000,121.0,1,0.0,0.0,0.0,0.0,0,0.0,0.06,1392,0,89.5,-,Belum ditandai,unset,0.3,1,0,
2026-06-26T00:06:19.285,2087828,372,0.30226666666666663,0.4404666666666667,0.009,55.0,5000,121.0,1,0.0,0.0,0.0,0.0,0,0.0,0.06,1392,0,89.5,-,Belum ditandai,unset,0.3,1,0,
2026-06-26T00:06:19.809,2088353,370,0.3047333333333333,0.4406,0.009,55.0,5000,121.0,1,0.0,0.0,0.0,0.0,0,0.0,0.06,1392,0,89.5,-,Belum ditandai,unset,0.3,1,0,
2026-06-26T00:06:20.406,2088938,374,0.3046,0.44133333333333336,0.009,55.0,5000,121.0,1,0.0,0.0,0.0,0.0,0,0.0,0.06,1392,0,89.5,-,Belum ditandai,unset,0.3,1,0,
2026-06-26T00:06:20.935,2089463,385,0.3015333333333333,0.442,0.009,55.0,5000,121.0,1,0.0,0.0,0.0,0.0,0,0.0,0.06,1392,0,89.5,-,Belum ditandai,unset,0.3,1,0,
