pc_timestamp,stm32_ms,adc_raw,adc_voltage_v,sensor_voltage_v,pressure_bar,duty_percent,frequency_hz,estimated_output_rms_v,jsy_online,jsy_voltage_rms_v,jsy_current_rms_a,jsy_voltage_raw_v,jsy_current_raw_a,jsy_active_power_w,jsy_power_factor,jsy_energy_kwh,jsy_error_count,nn_mode,nn_duty_percent,valve_open_count,valve_state_label,valve_phase,setpoint_bar,episode_id,is_decision,event
2026-06-26T00:39:33.600,4089736,544,0.447,0.6538666666666667,0.4613333333333333,90.0,5000,198.0,1,195.43,0.725,197.17,0.801,157,0.994,0.07,2902,0,89.5,-,Belum ditandai,unset,0.3,1,0,
2026-06-26T00:39:34.121,4090271,554,0.44653333333333334,0.6533333333333334,0.45980000000000004,90.0,5000,198.0,1,195.43,0.725,197.17,0.801,157,0.994,0.07,2902,0,89.5,-,Belum ditandai,unset,0.3,1,0,
2026-06-26T00:39:34.701,4090848,562,0.44639999999999996,0.6524666666666668,0.4574,90.0,5000,198.0,1,195.38,0.725,197.12,0.801,157,0.994,0.07,2902,0,89.5,-,Belum ditandai,unset,0.3,1,0,
2026-06-26T00:39:35.307,4091425,562,0.44760000000000005,0.6522000000000001,0.45680000000000004,90.0,5000,198.0,1,195.38,0.725,197.12,0.801,157,0.994,0.07,2902,0,89.5,-,Belum ditandai,unset,0.3,1,0,
2026-06-26T00:39:35.808,4091960,545,0.4454,0.6516666666666667,0.45560000000000006,90.0,5000,198.0,1,195.38,0.725,197.12,0.801,157,0.994,0.07,2902,0,89.5,-,Belum ditandai,unset,0.3,1,0,
2026-06-26T00:39:36.420,4092537,566,0.4468,0.6515333333333333,0.4548666666666667,90.0,5000,198.0,1,195.3,0.727,197.05,0.802,157,0.993,0.07,2902,0,89.5,-,Belum ditandai,unset,0.3,1,0,
2026-06-26T00:39:36.922,4093072,547,0.44466666666666665,0.6518,0.45560000000000006,90.0,5000,198.0,1,195.3,0.727,197.05,0.802,157,0.993,0.07,2902,0,89.5,-,Belum ditandai,unset,0.3,1,0,
2026-06-26T00:39:37.421,4093542,559,0.4472,0.6515333333333333,0.4547333333333334,90.0,5000,198.0,1,195.42,0.727,197.16,0.802,157,0.992,0.07,2902,0,89.5,-,Belum ditandai,unset,0.3,1,0,
2026-06-26T00:39:37.924,4094077,553,0.4468666666666667,0.6522000000000001,0.4564666666666667,90.0,5000,198.0,1,195.42,0.727,197.16,0.802,157,0.992,0.07,2902,0,89.5,-,Belum ditandai,unset,0.3,1,0,
2026-06-26T00:39:38.426,4094547,553,0.44653333333333334,0.6518666666666667,0.4554,90.0,5000,198.0,1,195.44,0.725,197.18,0.801,157,0.994,0.07,2902,0,89.5,-,Belum ditandai,unset,0.3,1,0,
2026-06-26T00:39:38.926,4095082,558,0.44506666666666667,0.6515333333333333,0.45439999999999997,90.0,5000,198.0,1,195.44,0.725,197.18,0.801,157,0.994,0.07,2902,0,89.5,-,Belum ditandai,unset,0.3,1,0,
2026-06-26T00:39:39.428,4095552,549,0.4434666666666667,0.6523333333333333,0.45680000000000004,90.0,5000,198.0,1,195.41,0.725,197.15,0.801,157,0.994,0.07,2902,0,89.5,-,Belum ditandai,unset,0.3,1,0,
2026-06-26T00:39:39.925,4096087,553,0.44339999999999996,0.6524,0.45740000000000003,90.0,5000,198.0,1,195.41,0.725,197.15,0.801,157,0.994,0.07,2902,0,89.5,-,Belum ditandai,unset,0.3,1,0,
2026-06-26T00:39:40.427,4096557,553,0.44286666666666663,0.6519333333333334,0.45593333333333336,90.0,5000,198.0,1,195.44,0.725,197.18,0.801,157,0.994,0.07,2902,0,89.5,-,Belum ditandai,unset,0.3,1,0,
2026-06-26T00:39:40.929,4097092,557,0.44453333333333334,0.6516666666666667,0.4552,90.0,5000,198.0,1,195.44,0.725,197.18,0.801,157,0.994,0.07,2902,0,89.5,-,Belum ditandai,unset,0.3,1,0,
2026-06-26T00:39:41.430,4097562,558,0.44193333333333334,0.6504,0.45093333333333335,90.0,5000,198.0,1,195.41,0.725,197.15,0.801,157,0.994,0.07,2902,0,89.5,-,Belum ditandai,unset,0.3,1,0,
2026-06-26T00:39:41.928,4098097,553,0.4426,0.6506000000000001,0.45180000000000003,90.0,5000,198.0,1,195.41,0.725,197.15,0.801,157,0.994,0.07,2902,0,89.5,-,Belum ditandai,unset,0.3,1,0,
2026-06-26T00:39:42.492,4098673,548,0.441,0.6508,0.4524,90.0,5000,198.0,1,195.38,0.725,197.12,0.801,157,0.994,0.07,2902,0,89.5,-,Belum ditandai,unset,0.3,1,0,
2026-06-26T00:39:43.060,4099208,549,0.444,0.6517333333333333,0.4552,90.0,5000,198.0,1,195.38,0.725,197.12,0.801,157,0.994,0.07,2902,0,89.5,-,Belum ditandai,unset,0.3,1,0,
2026-06-26T00:39:43.624,4099785,551,0.4436666666666667,0.652,0.456,90.0,5000,198.0,1,195.34,0.727,197.09,0.802,157,0.993,0.07,2902,0,89.5,-,Belum ditandai,unset,0.3,1,0,
2026-06-26T00:39:44.128,4100320,550,0.44426666666666664,0.6519333333333334,0.4557333333333334,90.0,5000,198.0,1,195.34,0.727,197.09,0.802,157,0.993,0.07,2902,0,89.5,-,Belum ditandai,unset,0.3,1,0,
2026-06-26T00:39:44.629,4100790,559,0.44426666666666664,0.653,0.45926666666666666,90.0,5000,198.0,1,195.33,0.727,197.08,0.802,157,0.993,0.07,2902,0,89.5,-,Belum ditandai,unset,0.3,1,0,
2026-06-26T00:39:45.127,4101325,558,0.4444,0.6526,0.4580666666666667,90.0,5000,198.0,1,195.33,0.727,197.08,0.802,157,0.993,0.07,2902,0,89.5,-,Belum ditandai,unset,0.3,1,0,
2026-06-26T00:39:45.625,4101795,551,0.44460000000000005,0.6526666666666667,0.4580666666666667,90.0,5000,198.0,1,195.38,0.727,197.12,0.802,157,0.993,0.07,2902,0,89.5,-,Belum ditandai,unset,0.3,1,0,
2026-06-26T00:39:46.127,4102330,549,0.4437333333333333,0.6514666666666666,0.4547333333333333,90.0,5000,198.0,1,195.38,0.727,197.12,0.802,157,0.993,0.07,2902,0,89.5,-,Belum ditandai,unset,0.3,1,0,
2026-06-26T00:39:46.626,4102800,553,0.444,0.6511333333333333,0.4536,90.0,5000,198.0,1,195.45,0.727,197.19,0.802,157,0.992,0.07,2902,0,89.5,-,Belum ditandai,unset,0.3,1,0,
2026-06-26T00:39:47.125,4103335,554,0.44420000000000004,0.651,0.4531333333333334,90.0,5000,198.0,1,195.45,0.727,197.19,0.802,157,0.992,0.07,2902,0,89.5,-,Belum ditandai,unset,0.3,1,0,
2026-06-26T00:39:47.627,4103805,554,0.44593333333333335,0.6522666666666667,0.4568666666666667,90.0,5000,198.0,1,195.32,0.727,197.07,0.802,157,0.993,0.07,2902,0,89.5,-,Belum ditandai,unset,0.3,1,0,
2026-06-26T00:39:48.128,4104340,554,0.4461333333333333,0.6532,0.45993333333333336,90.0,5000,198.0,1,195.32,0.727,197.07,0.802,157,0.993,0.07,2902,0,89.5,-,Belum ditandai,unset,0.3,1,0,
2026-06-26T00:39:48.629,4104810,545,0.44653333333333334,0.6532,0.4600666666666667,90.0,5000,198.0,1,195.28,0.727,197.03,0.802,157,0.993,0.07,2902,0,89.5,-,Belum ditandai,unset,0.3,1,0,
2026-06-26T00:39:49.175,4105345,561,0.44593333333333335,0.6527999999999999,0.45899999999999996,90.0,5000,198.0,1,195.28,0.727,197.03,0.802,157,0.993,0.07,2902,0,89.5,-,Belum ditandai,unset,0.3,1,0,
2026-06-26T00:39:49.720,4105921,556,0.44920000000000004,0.6533333333333334,0.46053333333333335,90.0,5000,198.0,1,195.32,0.725,197.07,0.801,157,0.994,0.07,2902,0,89.5,-,Belum ditandai,unset,0.3,1,0,
2026-06-26T00:39:50.292,4106498,549,0.44853333333333334,0.6529333333333334,0.45926666666666666,90.0,5000,198.0,1,195.41,0.727,197.15,0.802,157,0.992,0.07,2902,0,89.5,-,Belum ditandai,unset,0.3,1,0,
2026-06-26T00:39:50.828,4107033,550,0.4474,0.653,0.4596,90.0,5000,198.0,1,195.41,0.727,197.15,0.802,157,0.992,0.07,2902,0,89.5,-,Belum ditandai,unset,0.3,1,0,
2026-06-26T00:39:51.425,4107610,559,0.44553333333333334,0.6518666666666667,0.4558,90.0,5000,198.0,1,195.27,0.727,197.02,0.802,157,0.993,0.07,2902,0,89.5,-,Belum ditandai,unset,0.3,1,0,
2026-06-26T00:39:51.973,4108145,546,0.44506666666666667,0.6514000000000001,0.45426666666666665,90.0,5000,198.0,1,195.27,0.727,197.02,0.802,157,0.993,0.07,2902,0,89.5,-,Belum ditandai,unset,0.3,1,0,
2026-06-26T00:39:52.517,4108722,553,0.44580000000000003,0.6508666666666667,0.45226666666666665,90.0,5000,198.0,1,195.36,0.725,197.1,0.801,157,0.994,0.07,2902,0,89.5,-,Belum ditandai,unset,0.3,1,0,
2026-06-26T00:39:53.053,4109257,558,0.4454,0.6513333333333333,0.45366666666666666,90.0,5000,198.0,1,195.36,0.725,197.1,0.801,157,0.994,0.07,2902,0,89.5,-,Belum ditandai,unset,0.3,1,0,
2026-06-26T00:39:53.613,4109834,549,0.44793333333333335,0.6521333333333333,0.4562,90.0,5000,198.0,1,195.31,0.725,197.06,0.801,157,0.994,0.07,2902,0,89.5,-,Belum ditandai,unset,0.3,1,0,
2026-06-26T00:39:54.145,4110369,559,0.4497333333333334,0.6535333333333334,0.46066666666666667,90.0,5000,198.0,1,195.31,0.725,197.06,0.801,157,0.994,0.07,2902,0,89.5,-,Belum ditandai,unset,0.3,1,0,
2026-06-26T00:39:54.646,4110839,563,0.451,0.6538666666666667,0.4620666666666667,90.0,5000,198.0,1,195.33,0.725,197.08,0.801,157,0.994,0.07,2902,0,89.5,-,Belum ditandai,unset,0.3,1,0,
2026-06-26T00:39:55.145,4111374,560,0.4528666666666667,0.6574666666666666,0.4726666666666667,90.0,5000,198.0,1,195.33,0.725,197.08,0.801,157,0.994,0.07,2902,0,89.5,-,Belum ditandai,unset,0.3,1,0,
2026-06-26T00:39:55.645,4111844,586,0.45546666666666663,0.6599333333333334,0.48000000000000004,90.0,5000,198.0,1,195.29,0.725,197.04,0.801,157,0.994,0.07,2902,0,89.5,-,Belum ditandai,unset,0.3,1,0,
2026-06-26T00:39:56.137,4112379,568,0.45933333333333337,0.6642666666666667,0.49260000000000004,90.0,5000,198.0,1,195.29,0.725,197.04,0.801,157,0.994,0.07,2902,0,89.5,-,Belum ditandai,unset,0.3,1,0,
2026-06-26T00:39:56.757,4112955,559,0.45733333333333337,0.6667333333333334,0.4998666666666667,90.0,5000,198.0,1,195.27,0.725,197.02,0.801,157,0.994,0.07,2902,0,89.5,-,Belum ditandai,unset,0.3,1,0,
2026-06-26T00:39:57.317,4113532,564,0.456,0.6674000000000001,0.5022,90.0,5000,198.0,1,195.33,0.727,197.08,0.802,157,0.993,0.07,2902,0,89.5,-,Belum ditandai,unset,0.3,1,0,
2026-06-26T00:39:57.816,4114067,528,0.452,0.6665333333333334,0.4996,90.0,5000,198.0,1,195.33,0.727,197.08,0.802,157,0.993,0.07,2902,0,89.5,-,Belum ditandai,unset,0.3,1,0,
2026-06-26T00:39:58.314,4114537,560,0.4514666666666667,0.6644666666666666,0.4938,90.0,5000,198.0,1,195.26,0.727,197.01,0.802,157,0.993,0.07,2902,0,89.5,-,Belum ditandai,unset,0.3,1,0,
2026-06-26T00:39:58.813,4115072,555,0.45126666666666665,0.6640666666666667,0.49233333333333335,90.0,5000,198.0,1,195.26,0.727,197.01,0.802,157,0.993,0.07,2902,0,89.5,-,Belum ditandai,unset,0.3,1,0,
2026-06-26T00:39:59.311,4115542,566,0.45139999999999997,0.6632666666666667,0.49019999999999997,90.0,5000,198.0,1,195.21,0.727,196.96,0.802,157,0.993,0.07,2902,0,89.5,-,Belum ditandai,unset,0.3,1,0,
2026-06-26T00:39:59.813,4116077,570,0.45413333333333333,0.6634,0.49019999999999997,90.0,5000,198.0,1,195.21,0.727,196.96,0.802,157,0.993,0.07,2902,0,89.5,-,Belum ditandai,unset,0.3,1,0,
2026-06-26T00:40:00.317,4116547,556,0.454,0.6639333333333333,0.49179999999999996,90.0,5000,198.0,1,195.25,0.727,197.0,0.802,157,0.993,0.07,2902,0,89.5,-,Belum ditandai,unset,0.3,1,0,
2026-06-26T00:40:00.818,4117082,556,0.4518666666666667,0.6629333333333334,0.4886666666666667,90.0,5000,198.0,1,195.25,0.727,197.0,0.802,157,0.993,0.07,2902,0,89.5,-,Belum ditandai,unset,0.3,1,0,
2026-06-26T00:40:01.319,4117551,548,0.4494,0.6627333333333334,0.4882666666666667,90.0,5000,198.0,1,195.27,0.724,197.02,0.8,157,0.996,0.07,2902,0,89.5,-,Belum ditandai,unset,0.3,1,0,
2026-06-26T00:40:01.821,4118087,570,0.44920000000000004,0.6633333333333334,0.49006666666666665,90.0,5000,198.0,1,195.27,0.724,197.02,0.8,157,0.996,0.07,2902,0,89.5,-,Belum ditandai,unset,0.3,1,0,
2026-06-26T00:40:02.321,4118556,557,0.45213333333333333,0.6651333333333334,0.4952,90.0,5000,198.0,1,195.17,0.724,196.92,0.8,157,0.996,0.07,2902,0,89.5,-,Belum ditandai,unset,0.3,1,0,
2026-06-26T00:40:02.819,4119091,567,0.4528666666666667,0.6669333333333334,0.5003333333333333,90.0,5000,198.0,1,195.17,0.724,196.92,0.8,157,0.996,0.07,2902,0,89.5,-,Belum ditandai,unset,0.3,1,0,
2026-06-26T00:40:03.321,4119561,584,0.4561333333333334,0.6698000000000001,0.5089333333333333,90.0,5000,198.0,1,195.26,0.724,197.01,0.8,157,0.996,0.07,2902,0,89.5,-,Belum ditandai,unset,0.3,1,0,
2026-06-26T00:40:03.818,4120096,574,0.457,0.6726,0.5176666666666667,90.0,5000,198.0,1,195.26,0.724,197.01,0.8,157,0.996,0.07,2902,0,89.5,-,Belum ditandai,unset,0.3,1,0,
2026-06-26T00:40:04.322,4120566,564,0.4598666666666667,0.6748666666666667,0.5246000000000001,90.0,5000,198.0,1,195.17,0.737,196.92,0.812,159,0.994,0.07,2902,0,89.5,-,Belum ditandai,unset,0.3,1,0,
2026-06-26T00:40:04.821,4121101,575,0.46166666666666667,0.676,0.5276666666666666,90.0,5000,198.0,1,195.17,0.737,196.92,0.812,159,0.994,0.07,2902,0,89.5,-,Belum ditandai,unset,0.3,1,0,
2026-06-26T00:40:05.322,4121571,581,0.46173333333333333,0.6762666666666667,0.5285333333333334,90.0,5000,198.0,1,195.19,0.739,196.94,0.814,159,0.991,0.07,2902,0,89.5,-,Belum ditandai,unset,0.3,1,0,
2026-06-26T00:40:05.819,4122106,577,0.4642,0.6774000000000001,0.5317333333333334,90.0,5000,198.0,1,195.19,0.739,196.94,0.814,159,0.991,0.07,2902,0,89.5,-,Belum ditandai,unset,0.3,1,0,
2026-06-26T00:40:06.318,4122575,585,0.4653333333333334,0.6786,0.5356000000000001,90.0,5000,198.0,1,195.21,0.74,196.96,0.815,159,0.99,0.07,2902,0,89.5,-,Belum ditandai,unset,0.3,1,0,
2026-06-26T00:40:06.882,4123110,578,0.4674,0.6809333333333334,0.5427333333333333,90.0,5000,198.0,1,195.21,0.74,196.96,0.815,159,0.99,0.07,2902,0,89.5,-,Belum ditandai,unset,0.3,1,0,
2026-06-26T00:40:07.441,4123687,569,0.4654666666666667,0.6830666666666667,0.5494,90.0,5000,198.0,1,195.27,0.74,197.02,0.815,160,0.996,0.07,2902,0,89.5,-,Belum ditandai,unset,0.3,1,0,
2026-06-26T00:40:07.941,4124222,572,0.46499999999999997,0.6832666666666667,0.55,90.0,5000,198.0,1,195.27,0.74,197.02,0.815,160,0.996,0.07,2902,0,89.5,-,Belum ditandai,unset,0.3,1,0,
2026-06-26T00:40:08.439,4124692,568,0.46199999999999997,0.6821333333333334,0.5464,90.0,5000,198.0,1,195.1,0.74,196.86,0.815,159,0.991,0.07,2902,0,89.5,-,Belum ditandai,unset,0.3,1,0,
2026-06-26T00:40:08.943,4125227,573,0.46153333333333335,0.6794,0.5378000000000001,90.0,5000,198.0,1,195.1,0.74,196.86,0.815,159,0.991,0.07,2902,0,89.5,-,Belum ditandai,unset,0.3,1,0,
2026-06-26T00:40:09.553,4125804,580,0.4624,0.6791333333333334,0.5374666666666668,90.0,5000,198.0,1,195.14,0.739,196.9,0.814,159,0.992,0.07,2902,0,89.5,-,Belum ditandai,unset,0.3,1,0,
2026-06-26T00:40:10.053,4126339,576,0.4640666666666667,0.678,0.5342666666666668,90.0,5000,198.0,1,195.14,0.739,196.9,0.814,159,0.992,0.07,2902,0,89.5,-,Belum ditandai,unset,0.3,1,0,
2026-06-26T00:40:10.553,4126809,574,0.466,0.6792666666666667,0.5384,90.0,5000,198.0,1,195.13,0.739,196.89,0.814,159,0.992,0.07,2902,0,89.5,-,Belum ditandai,unset,0.3,1,0,
2026-06-26T00:40:11.053,4127344,578,0.4656,0.6802666666666667,0.541,90.0,5000,198.0,1,195.13,0.739,196.89,0.814,159,0.992,0.07,2902,0,89.5,-,Belum ditandai,unset,0.3,1,0,
2026-06-26T00:40:11.554,4127814,578,0.46653333333333336,0.6817333333333334,0.5456000000000001,90.0,5000,198.0,1,195.07,0.739,196.83,0.814,159,0.992,0.07,2902,0,89.5,-,Belum ditandai,unset,0.3,1,0,
2026-06-26T00:40:12.050,4128349,583,0.46346666666666664,0.6817333333333334,0.5458000000000001,90.0,5000,198.0,1,195.07,0.739,196.83,0.814,159,0.992,0.07,2902,0,89.5,-,Belum ditandai,unset,0.3,1,0,
2026-06-26T00:40:12.547,4128818,584,0.46286666666666665,0.6832,0.55,90.0,5000,198.0,1,194.99,0.739,196.75,0.814,159,0.992,0.07,2902,0,89.5,-,Belum ditandai,unset,0.3,1,0,
2026-06-26T00:40:13.048,4129353,582,0.463,0.6837333333333333,0.5514,90.0,5000,198.0,1,194.99,0.739,196.75,0.814,159,0.992,0.07,2902,0,89.5,-,Belum ditandai,unset,0.3,1,0,
2026-06-26T00:40:13.658,4129930,573,0.46673333333333333,0.6844,0.5532,90.0,5000,198.0,1,195.03,0.738,196.79,0.813,159,0.993,0.07,2902,0,89.5,-,Belum ditandai,unset,0.3,1,0,
2026-06-26T00:40:14.157,4130465,577,0.4676666666666666,0.6840666666666667,0.5523333333333333,90.0,5000,198.0,1,195.03,0.738,196.79,0.813,159,0.993,0.07,2902,0,89.5,-,Belum ditandai,unset,0.3,1,0,
2026-06-26T00:40:14.659,4130935,567,0.46699999999999997,0.6828000000000001,0.5484000000000001,90.0,5000,198.0,1,195.01,0.737,196.77,0.812,159,0.995,0.07,2902,0,89.5,-,Belum ditandai,unset,0.3,1,0,
2026-06-26T00:40:15.154,4131470,575,0.4642666666666667,0.6818000000000001,0.5457333333333333,90.0,5000,198.0,1,195.01,0.737,196.77,0.812,159,0.995,0.07,2902,0,89.5,-,Belum ditandai,unset,0.3,1,0,
2026-06-26T00:40:15.657,4131940,573,0.4658666666666667,0.6813333333333333,0.5442,90.0,5000,198.0,1,194.99,0.738,196.75,0.813,159,0.994,0.07,2902,0,89.5,-,Belum ditandai,unset,0.3,1,0,
2026-06-26T00:40:16.155,4132475,575,0.4653333333333334,0.6820666666666667,0.5465333333333333,90.0,5000,198.0,1,194.99,0.738,196.75,0.813,159,0.994,0.07,2902,0,89.5,-,Belum ditandai,unset,0.3,1,0,
2026-06-26T00:40:16.656,4132945,583,0.466,0.6831333333333334,0.5494666666666668,90.0,5000,198.0,1,195.02,0.74,196.78,0.815,159,0.991,0.07,2902,0,89.5,-,Belum ditandai,unset,0.3,1,0,
2026-06-26T00:40:17.158,4133480,574,0.4658666666666667,0.6829333333333333,0.5486666666666667,90.0,5000,198.0,1,195.02,0.74,196.78,0.815,159,0.991,0.07,2902,0,89.5,-,Belum ditandai,unset,0.3,1,0,
2026-06-26T00:40:17.658,4133950,576,0.4662,0.6818666666666667,0.5454000000000001,90.0,5000,198.0,1,195.2,0.742,196.95,0.817,160,0.994,0.07,2902,0,89.5,-,Belum ditandai,unset,0.3,1,0,
2026-06-26T00:40:18.158,4134485,566,0.46393333333333336,0.6794666666666667,0.5384666666666666,90.0,5000,198.0,1,195.2,0.742,196.95,0.817,160,0.994,0.07,2902,0,89.5,-,Belum ditandai,unset,0.3,1,0,
2026-06-26T00:40:18.662,4134954,569,0.46253333333333335,0.6784666666666668,0.5354,90.0,5000,198.0,1,195.07,0.742,196.83,0.817,160,0.994,0.07,2902,0,89.5,-,Belum ditandai,unset,0.3,1,0,
2026-06-26T00:40:19.162,4135489,565,0.4608,0.677,0.5312,90.0,5000,198.0,1,195.07,0.742,196.83,0.817,160,0.994,0.07,2902,0,89.5,-,Belum ditandai,unset,0.3,1,0,
2026-06-26T00:40:19.660,4135959,568,0.4600666666666667,0.6766000000000001,0.5300666666666667,90.0,5000,198.0,1,195.03,0.741,196.79,0.816,160,0.996,0.07,2902,0,89.5,-,Belum ditandai,unset,0.3,1,0,
2026-06-26T00:40:20.160,4136494,570,0.4629333333333333,0.6772000000000001,0.5323333333333333,90.0,5000,198.0,1,195.03,0.741,196.79,0.816,160,0.996,0.07,2902,0,89.5,-,Belum ditandai,unset,0.3,1,0,
2026-06-26T00:40:20.658,4136964,573,0.4640666666666667,0.6792666666666667,0.5383333333333334,90.0,5000,198.0,1,195.03,0.741,196.79,0.816,159,0.99,0.07,2902,0,89.5,-,Belum ditandai,unset,0.3,1,0,
2026-06-26T00:40:21.156,4137499,570,0.4644666666666667,0.6794666666666667,0.5388666666666667,90.0,5000,198.0,1,195.03,0.741,196.79,0.816,159,0.99,0.07,2902,0,89.5,-,Belum ditandai,unset,0.3,1,0,
2026-06-26T00:40:21.654,4137969,581,0.4626,0.6799333333333334,0.5400000000000001,90.0,5000,198.0,1,195.14,0.74,196.9,0.815,159,0.99,0.07,2902,0,89.5,-,Belum ditandai,unset,0.3,1,0,
2026-06-26T00:40:22.155,4138504,590,0.46313333333333334,0.6794,0.5385333333333334,90.0,5000,198.0,1,195.14,0.74,196.9,0.815,159,0.99,0.07,2902,0,89.5,-,Belum ditandai,unset,0.3,1,0,
2026-06-26T00:40:22.656,4138974,575,0.4638666666666667,0.6802,0.5408000000000001,90.0,5000,198.0,1,194.98,0.739,196.74,0.814,159,0.992,0.07,2902,0,89.5,-,Belum ditandai,unset,0.3,1,0,
2026-06-26T00:40:23.156,4139509,549,0.4629333333333333,0.6819333333333334,0.5452666666666667,90.0,5000,198.0,1,194.98,0.739,196.74,0.814,159,0.992,0.07,2902,0,89.5,-,Belum ditandai,unset,0.3,1,0,
2026-06-26T00:40:23.655,4139979,567,0.4628,0.6829333333333333,0.548,90.0,5000,198.0,1,194.95,0.74,196.72,0.815,159,0.991,0.07,2902,0,89.5,-,Belum ditandai,unset,0.3,1,0,
2026-06-26T00:40:24.156,4140514,594,0.46266666666666667,0.6827333333333334,0.5472,90.0,5000,198.0,1,194.95,0.74,196.72,0.815,159,0.991,0.07,2902,0,89.5,-,Belum ditandai,unset,0.3,1,0,
2026-06-26T00:40:24.655,4140983,582,0.46486666666666665,0.6832,0.5494000000000001,90.0,5000,198.0,1,195.12,0.74,196.88,0.815,159,0.99,0.07,2902,0,89.5,-,Belum ditandai,unset,0.3,1,0,
2026-06-26T00:40:25.159,4141518,573,0.46726666666666666,0.6856000000000001,0.5572666666666667,90.0,5000,198.0,1,195.12,0.74,196.88,0.815,159,0.99,0.07,2902,0,89.5,-,Belum ditandai,unset,0.3,1,0,
2026-06-26T00:40:25.659,4141988,587,0.4705333333333333,0.6876,0.5634666666666667,90.0,5000,198.0,1,195.26,0.74,197.01,0.815,160,0.996,0.07,2902,0,89.5,-,Belum ditandai,unset,0.3,1,0,
2026-06-26T00:40:26.161,4142523,575,0.4704,0.6907333333333333,0.5725999999999999,90.0,5000,198.0,1,195.26,0.74,197.01,0.815,160,0.996,0.07,2902,0,89.5,-,Belum ditandai,unset,0.3,1,0,
2026-06-26T00:40:26.662,4142993,590,0.46973333333333334,0.6904666666666667,0.5716666666666667,90.0,5000,198.0,1,195.01,0.741,196.77,0.816,159,0.99,0.07,2902,0,89.5,-,Belum ditandai,unset,0.3,1,0,
2026-06-26T00:40:27.160,4143528,579,0.46780000000000005,0.6890666666666667,0.5672666666666667,90.0,5000,198.0,1,195.01,0.741,196.77,0.816,159,0.99,0.07,2902,0,89.5,-,Belum ditandai,unset,0.3,1,0,
2026-06-26T00:40:27.659,4143998,580,0.46793333333333337,0.6883333333333332,0.565,90.0,5000,198.0,1,195.23,0.74,196.98,0.815,160,0.996,0.07,2902,0,89.5,-,Belum ditandai,unset,0.3,1,0,
2026-06-26T00:40:28.220,4144533,587,0.4728,0.6887333333333333,0.5663333333333332,90.0,5000,198.0,1,195.23,0.74,196.98,0.815,160,0.996,0.07,2902,0,89.5,-,Belum ditandai,unset,0.3,1,0,
2026-06-26T00:40:28.768,4145110,580,0.4736,0.6920666666666667,0.576,90.0,5000,198.0,1,195.26,0.739,197.01,0.814,159,0.991,0.07,2902,0,89.5,-,Belum ditandai,unset,0.3,1,0,
2026-06-26T00:40:29.329,4145686,578,0.47433333333333333,0.6929333333333333,0.5782666666666666,90.0,5000,198.0,1,195.06,0.739,196.82,0.814,159,0.992,0.07,2902,0,89.5,-,Belum ditandai,unset,0.3,1,0,
2026-06-26T00:40:29.889,4146222,596,0.4731333333333333,0.6945333333333333,0.5830666666666666,90.0,5000,198.0,1,195.06,0.739,196.82,0.814,159,0.992,0.07,2902,0,89.5,-,Belum ditandai,unset,0.3,1,0,
2026-06-26T00:40:30.451,4146798,593,0.4746666666666667,0.6930666666666666,0.5789333333333333,90.0,5000,198.0,1,195.37,0.74,197.11,0.815,160,0.995,0.07,2902,0,89.5,-,Belum ditandai,unset,0.3,1,0,
2026-06-26T00:40:30.949,4147333,573,0.47326666666666667,0.6942,0.5825999999999999,90.0,5000,198.0,1,195.37,0.74,197.11,0.815,160,0.995,0.07,2902,0,89.5,-,Belum ditandai,unset,0.3,1,0,
2026-06-26T00:40:31.571,4147910,578,0.4701333333333333,0.6893999999999999,0.5680666666666667,90.0,5000,198.0,1,195.3,0.738,197.05,0.813,159,0.992,0.07,2902,0,89.5,-,Belum ditandai,unset,0.3,1,0,
2026-06-26T00:40:32.073,4148445,588,0.46873333333333334,0.6886666666666666,0.5655333333333333,90.0,5000,198.0,1,195.3,0.738,197.05,0.813,159,0.992,0.07,2902,0,89.5,-,Belum ditandai,unset,0.3,1,0,
2026-06-26T00:40:32.575,4148915,590,0.47146666666666665,0.6884666666666667,0.565,90.0,5000,198.0,1,195.33,0.738,197.08,0.813,159,0.992,0.07,2902,0,89.5,-,Belum ditandai,unset,0.3,1,0,
2026-06-26T00:40:33.075,4149450,586,0.478,0.6938,0.5810666666666666,90.0,5000,198.0,1,195.33,0.738,197.08,0.813,159,0.992,0.07,2902,0,89.5,-,Belum ditandai,unset,0.3,1,0,
2026-06-26T00:40:33.575,4149920,571,0.4756,0.6948666666666666,0.5842666666666666,90.0,5000,198.0,1,195.3,0.737,197.05,0.812,159,0.993,0.07,2902,0,89.5,-,Belum ditandai,unset,0.3,1,0,
2026-06-26T00:40:34.074,4150455,587,0.4736666666666666,0.6920000000000001,0.5757333333333333,90.0,5000,198.0,1,195.3,0.737,197.05,0.812,159,0.993,0.07,2902,0,89.5,-,Belum ditandai,unset,0.3,1,0,
2026-06-26T00:40:34.575,4150925,585,0.46799999999999997,0.6884666666666667,0.565,90.0,5000,198.0,1,195.18,0.737,196.93,0.812,159,0.994,0.07,2902,0,89.5,-,Belum ditandai,unset,0.3,1,0,
2026-06-26T00:40:35.076,4151460,583,0.4672,0.6856000000000001,0.5566,90.0,5000,198.0,1,195.18,0.737,196.93,0.812,159,0.994,0.07,2902,0,89.5,-,Belum ditandai,unset,0.3,1,0,
2026-06-26T00:40:35.579,4151930,581,0.4705333333333333,0.6868666666666667,0.5604,90.0,5000,198.0,1,194.94,0.737,196.71,0.812,159,0.995,0.07,2902,0,89.5,-,Belum ditandai,unset,0.3,1,0,
2026-06-26T00:40:36.082,4152465,556,0.46953333333333336,0.6858666666666667,0.5574,90.0,5000,198.0,1,194.94,0.737,196.71,0.812,159,0.995,0.07,2902,0,89.5,-,Belum ditandai,unset,0.3,1,0,
2026-06-26T00:40:36.694,4153041,573,0.4684666666666667,0.685,0.5546000000000001,90.0,5000,198.0,1,195.09,0.736,196.85,0.811,159,0.995,0.07,2902,0,89.5,-,Belum ditandai,unset,0.3,1,0,
2026-06-26T00:40:37.194,4153576,582,0.46393333333333336,0.6815333333333334,0.5438666666666667,90.0,5000,198.0,1,195.09,0.736,196.85,0.811,159,0.995,0.07,2902,0,89.5,-,Belum ditandai,unset,0.3,1,0,
2026-06-26T00:40:37.696,4154046,573,0.4624666666666667,0.6807333333333333,0.5410666666666667,90.0,5000,198.0,1,195.21,0.736,196.96,0.811,159,0.995,0.07,2902,0,89.5,-,Belum ditandai,unset,0.3,1,0,
2026-06-26T00:40:38.197,4154581,562,0.4644666666666667,0.6810666666666667,0.5420666666666667,90.0,5000,198.0,1,195.21,0.736,196.96,0.811,159,0.995,0.07,2902,0,89.5,-,Belum ditandai,unset,0.3,1,0,
2026-06-26T00:40:38.695,4155051,577,0.46513333333333334,0.6827333333333334,0.5469333333333334,90.0,5000,198.0,1,195.3,0.736,197.05,0.811,159,0.994,0.07,2902,0,89.5,-,Belum ditandai,unset,0.3,1,0,
2026-06-26T00:40:39.195,4155586,588,0.46853333333333336,0.6845333333333333,0.5531333333333334,90.0,5000,198.0,1,195.3,0.736,197.05,0.811,159,0.994,0.07,2902,0,89.5,-,Belum ditandai,unset,0.3,1,0,
2026-06-26T00:40:39.698,4156056,571,0.46940000000000004,0.6844,0.553,90.0,5000,198.0,1,195.34,0.736,197.09,0.811,159,0.994,0.07,2902,0,89.5,-,Belum ditandai,unset,0.3,1,0,
2026-06-26T00:40:40.198,4156591,591,0.4688,0.6838,0.5515333333333333,90.0,5000,198.0,1,195.34,0.736,197.09,0.811,159,0.994,0.07,2902,0,89.5,-,Belum ditandai,unset,0.3,1,0,
2026-06-26T00:40:40.700,4157061,572,0.46686666666666665,0.6829333333333333,0.5486666666666667,90.0,5000,198.0,1,195.3,0.737,197.05,0.812,159,0.993,0.07,2902,0,89.5,-,Belum ditandai,unset,0.3,1,0,
2026-06-26T00:40:41.203,4157596,580,0.4624,0.6790666666666667,0.5372666666666668,90.0,5000,198.0,1,195.3,0.737,197.05,0.812,159,0.993,0.07,2902,0,89.5,-,Belum ditandai,unset,0.3,1,0,
2026-06-26T00:40:41.702,4158066,576,0.4620666666666667,0.6782,0.5348666666666666,90.0,5000,198.0,1,194.92,0.736,196.69,0.811,159,0.996,0.07,2902,0,89.5,-,Belum ditandai,unset,0.3,1,0,
2026-06-26T00:40:42.201,4158601,571,0.46180000000000004,0.6779333333333334,0.5340666666666667,90.0,5000,198.0,1,194.92,0.736,196.69,0.811,159,0.996,0.07,2902,0,89.5,-,Belum ditandai,unset,0.3,1,0,
2026-06-26T00:40:42.701,4159071,558,0.46180000000000004,0.6804000000000001,0.5416666666666666,90.0,5000,198.0,1,195.02,0.737,196.78,0.812,159,0.995,0.07,2902,0,89.5,-,Belum ditandai,unset,0.3,1,0,
2026-06-26T00:40:43.203,4159606,584,0.4626,0.6808666666666667,0.5430666666666667,90.0,5000,198.0,1,195.02,0.737,196.78,0.812,159,0.995,0.07,2902,0,89.5,-,Belum ditandai,unset,0.3,1,0,
2026-06-26T00:40:43.771,4160183,586,0.4653333333333334,0.6836,0.5510666666666667,90.0,5000,198.0,1,194.87,0.736,196.64,0.811,159,0.997,0.07,2902,0,89.5,-,Belum ditandai,unset,0.3,1,0,
2026-06-26T00:40:44.383,4160759,582,0.46799999999999997,0.685,0.5546000000000001,90.0,5000,198.0,1,194.99,0.738,196.75,0.813,159,0.994,0.07,2902,0,89.5,-,Belum ditandai,unset,0.3,1,0,
2026-06-26T00:40:44.882,4161295,582,0.4686,0.6886,0.5652,90.0,5000,198.0,1,194.99,0.738,196.75,0.813,159,0.994,0.07,2902,0,89.5,-,Belum ditandai,unset,0.3,1,0,
2026-06-26T00:40:45.384,4161764,603,0.46773333333333333,0.6882666666666667,0.5642666666666667,90.0,5000,198.0,1,195.12,0.737,196.88,0.812,159,0.994,0.07,2902,0,89.5,-,Belum ditandai,unset,0.3,1,0,
2026-06-26T00:40:45.885,4162299,607,0.47126666666666667,0.6894666666666666,0.5683333333333332,90.0,5000,198.0,1,195.12,0.737,196.88,0.812,159,0.994,0.07,2902,0,89.5,-,Belum ditandai,unset,0.3,1,0,
2026-06-26T00:40:46.382,4162769,593,0.47153333333333336,0.689,0.5671333333333333,90.0,5000,198.0,1,195.29,0.737,197.04,0.812,159,0.993,0.07,2902,0,89.5,-,Belum ditandai,unset,0.3,1,0,
2026-06-26T00:40:46.882,4163304,586,0.4736666666666666,0.6873333333333334,0.5623333333333334,90.0,5000,198.0,1,195.29,0.737,197.04,0.812,159,0.993,0.07,2902,0,89.5,-,Belum ditandai,unset,0.3,1,0,
2026-06-26T00:40:47.381,4163779,565,0.4696666666666667,0.6844,0.5538000000000001,90.0,5000,198.0,1,194.92,0.737,196.69,0.812,159,0.995,0.07,2902,0,89.5,-,Belum ditandai,unset,0.3,1,0,
2026-06-26T00:40:47.879,4164314,554,0.4653333333333334,0.6814666666666668,0.5448000000000001,90.0,5000,198.0,1,194.92,0.737,196.69,0.812,159,0.995,0.07,2902,0,89.5,-,Belum ditandai,unset,0.3,1,0,
2026-06-26T00:40:48.381,4164789,579,0.4632,0.6790666666666667,0.5376666666666667,90.0,5000,198.0,1,195.14,0.737,196.9,0.812,159,0.994,0.07,2902,0,89.5,-,Belum ditandai,unset,0.3,1,0,
2026-06-26T00:40:48.882,4165324,583,0.4629333333333333,0.6770666666666667,0.5314666666666666,90.0,5000,198.0,1,195.14,0.737,196.9,0.812,159,0.994,0.07,2902,0,89.5,-,Belum ditandai,unset,0.3,1,0,
2026-06-26T00:40:49.384,4165794,560,0.46113333333333334,0.6770666666666667,0.5309333333333334,90.0,5000,198.0,1,195.16,0.737,196.91,0.812,159,0.994,0.07,2902,0,89.5,-,Belum ditandai,unset,0.3,1,0,
2026-06-26T00:40:49.883,4166329,578,0.46273333333333333,0.6774666666666668,0.5320666666666667,90.0,5000,198.0,1,195.16,0.737,196.91,0.812,159,0.994,0.07,2902,0,89.5,-,Belum ditandai,unset,0.3,1,0,
2026-06-26T00:40:50.382,4166799,564,0.4624,0.6785333333333334,0.5353333333333334,90.0,5000,198.0,1,195.23,0.737,196.98,0.812,159,0.994,0.07,2902,0,89.5,-,Belum ditandai,unset,0.3,1,0,
2026-06-26T00:40:50.882,4167334,566,0.4613333333333333,0.6777333333333334,0.5330666666666667,90.0,5000,198.0,1,195.23,0.737,196.98,0.812,159,0.994,0.07,2902,0,89.5,-,Belum ditandai,unset,0.3,1,0,
2026-06-26T00:40:51.379,4167803,562,0.4616666666666667,0.6777333333333334,0.5332,90.0,5000,198.0,1,195.08,0.737,196.84,0.812,159,0.994,0.07,2902,0,89.5,-,Belum ditandai,unset,0.3,1,0,
2026-06-26T00:40:51.878,4168339,572,0.4580666666666667,0.6760666666666667,0.5286000000000001,90.0,5000,198.0,1,195.08,0.737,196.84,0.812,159,0.994,0.07,2902,0,89.5,-,Belum ditandai,unset,0.3,1,0,
2026-06-26T00:40:52.378,4168808,576,0.4560666666666667,0.6746,0.5242,90.0,5000,198.0,1,194.94,0.737,196.71,0.812,159,0.995,0.07,2902,0,89.5,-,Belum ditandai,unset,0.3,1,0,
2026-06-26T00:40:52.882,4169343,571,0.45553333333333335,0.6738666666666667,0.5218,90.0,5000,198.0,1,194.94,0.737,196.71,0.812,159,0.995,0.07,2902,0,89.5,-,Belum ditandai,unset,0.3,1,0,
2026-06-26T00:40:53.385,4169813,574,0.45753333333333335,0.673,0.5187333333333334,90.0,5000,198.0,1,195.02,0.737,196.78,0.812,159,0.995,0.07,2902,0,89.5,-,Belum ditandai,unset,0.3,1,0,
2026-06-26T00:40:53.882,4170348,565,0.4583333333333333,0.6724666666666667,0.5174,90.0,5000,198.0,1,195.02,0.737,196.78,0.812,159,0.995,0.07,2902,0,89.5,-,Belum ditandai,unset,0.3,1,0,
2026-06-26T00:40:54.382,4170818,566,0.4566,0.6712666666666667,0.5141333333333333,90.0,5000,198.0,1,194.86,0.737,196.63,0.812,159,0.995,0.07,2902,0,89.5,-,Belum ditandai,unset,0.3,1,0,
2026-06-26T00:40:54.887,4171353,568,0.45566666666666666,0.6717333333333334,0.5154666666666666,90.0,5000,198.0,1,194.86,0.737,196.63,0.812,159,0.995,0.07,2902,0,89.5,-,Belum ditandai,unset,0.3,1,0,
2026-06-26T00:40:55.386,4171823,569,0.45733333333333337,0.6727333333333334,0.5183333333333333,90.0,5000,198.0,1,194.83,0.737,196.6,0.812,159,0.995,0.07,2902,0,89.5,-,Belum ditandai,unset,0.3,1,0,
2026-06-26T00:40:55.886,4172358,577,0.46186666666666665,0.6768666666666667,0.5304,90.0,5000,198.0,1,194.83,0.737,196.6,0.812,159,0.995,0.07,2902,0,89.5,-,Belum ditandai,unset,0.3,1,0,
2026-06-26T00:40:56.508,4172935,575,0.4654,0.6800666666666667,0.5400666666666667,90.0,5000,198.0,1,195.09,0.736,196.85,0.811,159,0.995,0.07,2902,0,89.5,-,Belum ditandai,unset,0.3,1,0,
2026-06-26T00:40:57.010,4173470,580,0.4666666666666667,0.6816,0.5447333333333334,90.0,5000,198.0,1,195.09,0.736,196.85,0.811,159,0.995,0.07,2902,0,89.5,-,Belum ditandai,unset,0.3,1,0,
2026-06-26T00:40:57.513,4173939,577,0.4674666666666667,0.6813333333333333,0.5439333333333334,90.0,5000,198.0,1,194.9,0.737,196.67,0.812,159,0.995,0.07,2902,0,89.5,-,Belum ditandai,unset,0.3,1,0,
2026-06-26T00:40:58.014,4174474,575,0.46699999999999997,0.6802666666666667,0.5408666666666667,90.0,5000,198.0,1,194.9,0.737,196.67,0.812,159,0.995,0.07,2902,0,89.5,-,Belum ditandai,unset,0.3,1,0,
2026-06-26T00:40:58.581,4175051,575,0.4638,0.6776666666666668,0.5332,90.0,5000,198.0,1,195.09,0.737,196.85,0.812,159,0.994,0.07,2902,0,89.5,-,Belum ditandai,unset,0.3,1,0,
2026-06-26T00:40:59.141,4175586,581,0.4587333333333333,0.6779333333333334,0.5339333333333334,90.0,5000,198.0,1,195.09,0.737,196.85,0.812,159,0.994,0.07,2902,0,89.5,-,Belum ditandai,unset,0.3,1,0,
2026-06-26T00:40:59.691,4176163,581,0.45899999999999996,0.6793333333333335,0.5380666666666667,90.0,5000,198.0,1,195.07,0.737,196.83,0.812,159,0.994,0.07,2902,0,89.5,-,Belum ditandai,unset,0.3,1,0,
2026-06-26T00:41:00.253,4176698,576,0.46326666666666666,0.6824666666666667,0.5472666666666667,90.0,5000,198.0,1,195.07,0.737,196.83,0.812,159,0.994,0.07,2902,0,89.5,-,Belum ditandai,unset,0.3,1,0,
2026-06-26T00:41:00.821,4177275,575,0.46973333333333334,0.6840666666666667,0.5518000000000001,90.0,5000,198.0,1,195.18,0.737,196.93,0.812,159,0.994,0.07,2902,0,89.5,-,Belum ditandai,unset,0.3,1,0,
2026-06-26T00:41:01.383,4177851,575,0.46940000000000004,0.6848666666666666,0.5541333333333334,90.0,5000,198.0,1,195.14,0.736,196.9,0.811,159,0.995,0.07,2902,0,89.5,-,Belum ditandai,unset,0.3,1,0,
2026-06-26T00:41:01.947,4178387,567,0.4700666666666667,0.6840666666666667,0.5512666666666667,90.0,5000,198.0,1,195.14,0.736,196.9,0.811,159,0.995,0.07,2902,0,89.5,-,Belum ditandai,unset,0.3,1,0,
2026-06-26T00:41:02.513,4178963,580,0.46693333333333337,0.6854,0.5556,90.0,5000,198.0,1,195.17,0.735,196.92,0.81,158,0.99,0.07,2902,0,89.5,-,Belum ditandai,unset,0.3,1,0,
2026-06-26T00:41:03.016,4179498,586,0.46913333333333335,0.685,0.5543333333333335,90.0,5000,198.0,1,195.17,0.735,196.92,0.81,158,0.99,0.07,2902,0,89.5,-,Belum ditandai,unset,0.3,1,0,
2026-06-26T00:41:03.519,4179968,588,0.46686666666666665,0.6844,0.5528666666666667,90.0,5000,198.0,1,195.09,0.735,196.85,0.81,158,0.99,0.07,2902,0,89.5,-,Belum ditandai,unset,0.3,1,0,
2026-06-26T00:41:04.124,4180610,576,0.47106666666666663,0.6856666666666666,0.5564666666666667,90.0,5000,198.0,1,195.09,0.735,196.85,0.81,158,0.99,0.07,2902,0,89.5,-,Belum ditandai,unset,0.3,1,0,
2026-06-26T00:41:04.627,4181080,581,0.46953333333333336,0.6862666666666667,0.5588666666666667,90.0,5000,198.0,1,194.88,0.734,196.65,0.809,158,0.993,0.07,2902,0,89.5,-,Belum ditandai,unset,0.3,1,0,
2026-06-26T00:41:05.235,4181722,579,0.4731333333333333,0.6898666666666666,0.5696,90.0,5000,198.0,1,194.88,0.734,196.65,0.809,158,0.993,0.07,2902,0,89.5,-,Belum ditandai,unset,0.3,1,0,
2026-06-26T00:41:05.734,4182192,580,0.47073333333333334,0.6907333333333333,0.5719333333333334,90.0,5000,198.0,1,195.17,0.737,196.92,0.812,159,0.994,0.07,2902,0,89.5,-,Belum ditandai,unset,0.3,1,0,
2026-06-26T00:41:06.235,4182727,580,0.47273333333333334,0.6918,0.5751333333333333,90.0,5000,198.0,1,195.17,0.737,196.92,0.812,159,0.994,0.07,2902,0,89.5,-,Belum ditandai,unset,0.3,1,0,
2026-06-26T00:41:06.735,4183197,582,0.47206666666666663,0.6917333333333333,0.5749333333333333,90.0,5000,198.0,1,195.22,0.737,196.97,0.812,159,0.994,0.07,2902,0,89.5,-,Belum ditandai,unset,0.3,1,0,
2026-06-26T00:41:07.235,4183732,605,0.47073333333333334,0.6928,0.5785999999999999,90.0,5000,198.0,1,195.22,0.737,196.97,0.812,159,0.994,0.07,2902,0,89.5,-,Belum ditandai,unset,0.3,1,0,
2026-06-26T00:41:07.733,4184201,579,0.4706666666666666,0.6934666666666666,0.5806,90.0,5000,198.0,1,195.19,0.738,196.94,0.813,159,0.993,0.07,2902,0,89.5,-,Belum ditandai,unset,0.3,1,0,
2026-06-26T00:41:08.232,4184736,596,0.47119999999999995,0.6944666666666667,0.5833333333333334,90.0,5000,198.0,1,195.19,0.738,196.94,0.813,159,0.993,0.07,2902,0,89.5,-,Belum ditandai,unset,0.3,1,0,
2026-06-26T00:41:08.735,4185206,590,0.4736666666666666,0.6961333333333334,0.5883999999999999,90.0,5000,198.0,1,195.18,0.739,196.93,0.814,159,0.991,0.07,2902,0,89.5,-,Belum ditandai,unset,0.3,1,0,
2026-06-26T00:41:09.234,4185741,588,0.4744,0.6962666666666666,0.5887999999999999,90.0,5000,198.0,1,195.18,0.739,196.93,0.814,159,0.991,0.07,2902,0,89.5,-,Belum ditandai,unset,0.3,1,0,
2026-06-26T00:41:09.736,4186211,570,0.47506666666666664,0.6957333333333333,0.5875333333333332,90.0,5000,198.0,1,195.02,0.739,196.78,0.814,159,0.992,0.07,2902,0,89.5,-,Belum ditandai,unset,0.3,1,0,
2026-06-26T00:41:10.235,4186746,596,0.47386666666666666,0.6935333333333332,0.5803333333333334,90.0,5000,198.0,1,195.02,0.739,196.78,0.814,159,0.992,0.07,2902,0,89.5,-,Belum ditandai,unset,0.3,1,0,
2026-06-26T00:41:10.846,4187323,582,0.4735333333333333,0.6915333333333333,0.5744,90.0,5000,198.0,1,195.13,0.739,196.89,0.814,159,0.992,0.07,2902,0,89.5,-,Belum ditandai,unset,0.3,1,0,
2026-06-26T00:41:11.409,4187900,579,0.47106666666666663,0.6906666666666667,0.5718,90.0,5000,198.0,1,195.0,0.739,196.76,0.814,159,0.992,0.07,2902,0,89.5,-,Belum ditandai,unset,0.3,1,0,
2026-06-26T00:41:11.908,4188435,585,0.4703333333333333,0.6910666666666666,0.5733333333333334,90.0,5000,198.0,1,195.0,0.739,196.76,0.814,159,0.992,0.07,2902,0,89.5,-,Belum ditandai,unset,0.3,1,0,
2026-06-26T00:41:12.406,4188904,589,0.4670666666666667,0.6918666666666666,0.5754666666666667,90.0,5000,198.0,1,195.06,0.738,196.82,0.813,159,0.993,0.07,2902,0,89.5,-,Belum ditandai,unset,0.3,1,0,
2026-06-26T00:41:12.905,4189440,589,0.4699333333333333,0.6908666666666666,0.5726666666666667,90.0,5000,198.0,1,195.06,0.738,196.82,0.813,159,0.993,0.07,2902,0,89.5,-,Belum ditandai,unset,0.3,1,0,
2026-06-26T00:41:13.405,4189909,589,0.47026666666666667,0.6897333333333333,0.5693333333333332,90.0,5000,198.0,1,195.18,0.737,196.93,0.812,159,0.994,0.07,2902,0,89.5,-,Belum ditandai,unset,0.3,1,0,
2026-06-26T00:41:13.902,4190445,585,0.4709333333333333,0.6878666666666666,0.5641333333333333,90.0,5000,198.0,1,195.18,0.737,196.93,0.812,159,0.994,0.07,2902,0,89.5,-,Belum ditandai,unset,0.3,1,0,
2026-06-26T00:41:14.403,4190914,581,0.4693333333333333,0.6862,0.5592666666666667,90.0,5000,198.0,1,195.19,0.737,196.94,0.812,159,0.994,0.07,2902,0,89.5,-,Belum ditandai,unset,0.3,1,0,
2026-06-26T00:41:14.903,4191449,590,0.4673333333333333,0.6851333333333334,0.5560666666666667,90.0,5000,198.0,1,195.19,0.737,196.94,0.812,159,0.994,0.07,2902,0,89.5,-,Belum ditandai,unset,0.3,1,0,
2026-06-26T00:41:15.401,4191919,587,0.46646666666666664,0.6843333333333333,0.5534666666666668,90.0,5000,198.0,1,195.16,0.738,196.91,0.813,159,0.993,0.07,2902,0,89.5,-,Belum ditandai,unset,0.3,1,0,
2026-06-26T00:41:15.902,4192454,576,0.46480000000000005,0.6834000000000001,0.5503333333333333,90.0,5000,198.0,1,195.16,0.738,196.91,0.813,159,0.993,0.07,2902,0,89.5,-,Belum ditandai,unset,0.3,1,0,
2026-06-26T00:41:16.406,4192924,569,0.464,0.6822666666666667,0.5472,90.0,5000,198.0,1,195.1,0.738,196.86,0.813,159,0.993,0.07,2902,0,89.5,-,Belum ditandai,unset,0.3,1,0,
2026-06-26T00:41:16.905,4193459,557,0.4652,0.6812,0.5438,90.0,5000,198.0,1,195.1,0.738,196.86,0.813,159,0.993,0.07,2902,0,89.5,-,Belum ditandai,unset,0.3,1,0,
2026-06-26T00:41:17.409,4193929,577,0.46606666666666663,0.6801333333333334,0.5406,90.0,5000,198.0,1,194.93,0.736,196.7,0.811,159,0.996,0.07,2902,0,89.5,-,Belum ditandai,unset,0.3,1,0,
2026-06-26T00:41:17.908,4194464,578,0.46626666666666666,0.6793333333333335,0.5380666666666667,90.0,5000,198.0,1,194.93,0.736,196.7,0.811,159,0.996,0.07,2902,0,89.5,-,Belum ditandai,unset,0.3,1,0,
2026-06-26T00:41:18.407,4194934,583,0.4644666666666667,0.6798000000000001,0.5396666666666667,90.0,5000,198.0,1,195.12,0.736,196.88,0.811,159,0.995,0.07,2902,0,89.5,-,Belum ditandai,unset,0.3,1,0,
2026-06-26T00:41:18.909,4195469,570,0.4637333333333334,0.6798000000000001,0.5396666666666667,90.0,5000,198.0,1,195.12,0.736,196.88,0.811,159,0.995,0.07,2902,0,89.5,-,Belum ditandai,unset,0.3,1,0,
2026-06-26T00:41:19.411,4195938,576,0.46480000000000005,0.6802666666666667,0.5408000000000001,90.0,5000,198.0,1,195.2,0.736,196.95,0.811,159,0.995,0.07,2902,0,89.5,-,Belum ditandai,unset,0.3,1,0,
2026-06-26T00:41:19.911,4196474,611,0.4672,0.6802666666666667,0.5408666666666667,90.0,5000,198.0,1,195.2,0.736,196.95,0.811,159,0.995,0.07,2902,0,89.5,-,Belum ditandai,unset,0.3,1,0,
2026-06-26T00:41:20.525,4197050,578,0.4673333333333333,0.6812,0.5439333333333334,90.0,5000,198.0,1,195.06,0.734,196.82,0.809,158,0.992,0.07,2902,0,89.5,-,Belum ditandai,unset,0.3,1,0,
2026-06-26T00:41:21.027,4197585,576,0.4650666666666667,0.6819333333333334,0.5462000000000001,90.0,5000,198.0,1,195.06,0.734,196.82,0.809,158,0.992,0.07,2902,0,89.5,-,Belum ditandai,unset,0.3,1,0,
2026-06-26T00:41:21.528,4198055,579,0.46673333333333333,0.6840666666666667,0.5526,90.0,5000,198.0,1,195.12,0.734,196.88,0.809,158,0.991,0.07,2902,0,89.5,-,Belum ditandai,unset,0.3,1,0,
2026-06-26T00:41:22.031,4198590,593,0.4680666666666667,0.6863333333333334,0.5589333333333334,90.0,5000,198.0,1,195.12,0.734,196.88,0.809,158,0.991,0.07,2902,0,89.5,-,Belum ditandai,unset,0.3,1,0,
2026-06-26T00:41:22.534,4199060,571,0.46946666666666664,0.6867333333333333,0.5600666666666666,90.0,5000,198.0,1,194.93,0.734,196.7,0.809,158,0.992,0.07,2902,0,89.5,-,Belum ditandai,unset,0.3,1,0,
2026-06-26T00:41:23.063,4199595,578,0.46953333333333336,0.6862666666666667,0.5584000000000001,90.0,5000,198.0,1,194.93,0.734,196.7,0.809,158,0.992,0.07,2902,0,89.5,-,Belum ditandai,unset,0.3,1,0,
2026-06-26T00:41:23.610,4200172,588,0.46773333333333333,0.6841333333333334,0.552,90.0,5000,198.0,1,195.26,0.733,197.01,0.808,158,0.992,0.07,2902,0,89.5,-,Belum ditandai,unset,0.3,1,0,
2026-06-26T00:41:24.164,4200707,571,0.46486666666666665,0.685,0.5549333333333333,90.0,5000,198.0,1,195.26,0.733,197.01,0.808,158,0.992,0.07,2902,0,89.5,-,Belum ditandai,unset,0.3,1,0,
2026-06-26T00:41:24.723,4201284,558,0.4653333333333334,0.6852,0.5555333333333333,90.0,5000,198.0,1,195.21,0.734,196.96,0.809,158,0.991,0.07,2902,0,89.5,-,Belum ditandai,unset,0.3,1,0,
2026-06-26T00:41:25.287,4201819,551,0.4613333333333333,0.6843333333333333,0.5532,90.0,5000,198.0,1,195.21,0.734,196.96,0.809,158,0.991,0.07,2902,0,89.5,-,Belum ditandai,unset,0.3,1,0,
2026-06-26T00:41:25.848,4202396,571,0.4623333333333333,0.6827333333333333,0.5484666666666667,90.0,5000,198.0,1,195.12,0.735,196.88,0.81,158,0.99,0.07,2902,0,89.5,-,Belum ditandai,unset,0.3,1,0,
2026-06-26T00:41:26.409,4202972,573,0.4600666666666667,0.6814666666666668,0.5448666666666667,90.0,5000,198.0,1,195.2,0.737,196.95,0.812,159,0.994,0.07,2902,0,89.5,-,Belum ditandai,unset,0.3,1,0,
2026-06-26T00:41:26.973,4203507,561,0.46440000000000003,0.6803333333333333,0.5418000000000001,90.0,5000,198.0,1,195.2,0.737,196.95,0.812,159,0.994,0.07,2902,0,89.5,-,Belum ditandai,unset,0.3,1,0,
2026-06-26T00:41:27.538,4204084,583,0.4652,0.6792,0.5384666666666666,90.0,5000,198.0,1,195.03,0.737,196.79,0.812,159,0.995,0.07,2902,0,89.5,-,Belum ditandai,unset,0.3,1,0,
2026-06-26T00:41:28.041,4204619,577,0.4642,0.6776000000000001,0.5334666666666668,90.0,5000,198.0,1,195.03,0.737,196.79,0.812,159,0.995,0.07,2902,0,89.5,-,Belum ditandai,unset,0.3,1,0,
2026-06-26T00:41:28.542,4205089,571,0.46453333333333335,0.6789333333333334,0.5369333333333334,90.0,5000,198.0,1,194.83,0.736,196.6,0.811,158,0.99,0.07,2902,0,89.5,-,Belum ditandai,unset,0.3,1,0,
2026-06-26T00:41:29.044,4205624,580,0.46626666666666666,0.6794666666666667,0.5382,90.0,5000,198.0,1,194.83,0.736,196.6,0.811,158,0.99,0.07,2902,0,89.5,-,Belum ditandai,unset,0.3,1,0,
2026-06-26T00:41:29.546,4206094,576,0.4717333333333334,0.6807333333333333,0.5416666666666666,90.0,5000,198.0,1,195.02,0.736,196.78,0.811,158,0.99,0.07,2902,0,89.5,-,Belum ditandai,unset,0.3,1,0,
2026-06-26T00:41:30.049,4206629,567,0.4703333333333333,0.6802,0.5400666666666667,90.0,5000,198.0,1,195.02,0.736,196.78,0.811,158,0.99,0.07,2902,0,89.5,-,Belum ditandai,unset,0.3,1,0,
2026-06-26T00:41:30.614,4207206,578,0.47026666666666667,0.6801333333333334,0.5395333333333333,90.0,5000,198.0,1,194.91,0.735,196.68,0.81,158,0.991,0.07,2902,0,89.5,-,Belum ditandai,unset,0.3,1,0,
2026-06-26T00:41:31.175,4207741,572,0.4650666666666667,0.6794666666666667,0.5378000000000001,90.0,5000,198.0,1,194.91,0.735,196.68,0.81,158,0.991,0.07,2902,0,89.5,-,Belum ditandai,unset,0.3,1,0,
2026-06-26T00:41:31.742,4208318,574,0.4650666666666667,0.6793333333333335,0.5372666666666668,90.0,5000,198.0,1,195.16,0.735,196.91,0.81,158,0.99,0.07,2902,0,89.5,-,Belum ditandai,unset,0.3,1,0,
2026-06-26T00:41:32.244,4208853,577,0.46473333333333333,0.6794,0.5378000000000001,90.0,5000,198.0,1,195.16,0.735,196.91,0.81,158,0.99,0.07,2902,0,89.5,-,Belum ditandai,unset,0.3,1,0,
2026-06-26T00:41:32.746,4209323,563,0.4629333333333333,0.6775333333333333,0.5320666666666667,90.0,5000,198.0,1,195.03,0.735,196.79,0.81,158,0.991,0.07,2902,0,89.5,-,Belum ditandai,unset,0.3,1,0,
2026-06-26T00:41:33.249,4209858,586,0.46186666666666665,0.6768666666666667,0.5304666666666668,90.0,5000,198.0,1,195.03,0.735,196.79,0.81,158,0.991,0.07,2902,0,89.5,-,Belum ditandai,unset,0.3,1,0,
2026-06-26T00:41:33.748,4210327,559,0.46253333333333335,0.6769333333333333,0.5306666666666667,90.0,5000,198.0,1,195.08,0.734,196.84,0.809,158,0.992,0.07,2902,0,89.5,-,Belum ditandai,unset,0.3,1,0,
2026-06-26T00:41:34.246,4210862,576,0.463,0.6781333333333334,0.5341333333333333,90.0,5000,198.0,1,195.08,0.734,196.84,0.809,158,0.992,0.07,2902,0,89.5,-,Belum ditandai,unset,0.3,1,0,
2026-06-26T00:41:34.749,4211332,578,0.4656666666666667,0.6787333333333334,0.5357333333333334,90.0,5000,198.0,1,195.08,0.735,196.84,0.81,158,0.99,0.07,2902,0,89.5,-,Belum ditandai,unset,0.3,1,0,
2026-06-26T00:41:35.247,4211867,584,0.46353333333333335,0.6766666666666666,0.5298666666666667,90.0,5000,198.0,1,195.08,0.735,196.84,0.81,158,0.99,0.07,2902,0,89.5,-,Belum ditandai,unset,0.3,1,0,
2026-06-26T00:41:35.747,4212337,561,0.465,0.6764,0.5296000000000001,90.0,5000,198.0,1,195.07,0.735,196.83,0.81,158,0.991,0.07,2902,0,89.5,-,Belum ditandai,unset,0.3,1,0,
2026-06-26T00:41:36.265,4212872,574,0.46326666666666666,0.6761333333333334,0.529,90.0,5000,198.0,1,195.07,0.735,196.83,0.81,158,0.991,0.07,2902,0,89.5,-,Belum ditandai,unset,0.3,1,0,
2026-06-26T00:41:36.765,4213342,572,0.4638666666666667,0.6768000000000001,0.531,90.0,5000,198.0,1,195.17,0.735,196.92,0.81,158,0.99,0.07,2902,0,89.5,-,Belum ditandai,unset,0.3,1,0,
2026-06-26T00:41:37.266,4213877,571,0.4612,0.6758666666666666,0.5277333333333334,90.0,5000,198.0,1,195.17,0.735,196.92,0.81,158,0.99,0.07,2902,0,89.5,-,Belum ditandai,unset,0.3,1,0,
2026-06-26T00:41:37.763,4214346,575,0.4642,0.6756666666666667,0.5270666666666667,90.0,5000,198.0,1,195.13,0.734,196.89,0.809,158,0.991,0.07,2902,0,89.5,-,Belum ditandai,unset,0.3,1,0,
2026-06-26T00:41:38.261,4214881,576,0.4628,0.6752666666666668,0.5262666666666667,90.0,5000,198.0,1,195.13,0.734,196.89,0.809,158,0.991,0.07,2902,0,89.5,-,Belum ditandai,unset,0.3,1,0,
2026-06-26T00:41:38.762,4215351,574,0.4632,0.6754666666666668,0.5268,90.0,5000,198.0,1,195.21,0.735,196.96,0.81,158,0.99,0.07,2902,0,89.5,-,Belum ditandai,unset,0.3,1,0,
2026-06-26T00:41:39.263,4215886,576,0.46213333333333334,0.6748666666666667,0.525,90.0,5000,198.0,1,195.21,0.735,196.96,0.81,158,0.99,0.07,2902,0,89.5,-,Belum ditandai,unset,0.3,1,0,
2026-06-26T00:41:39.765,4216356,562,0.45980000000000004,0.6737333333333333,0.5213333333333333,90.0,5000,198.0,1,195.21,0.734,196.96,0.809,158,0.991,0.07,2902,0,89.5,-,Belum ditandai,unset,0.3,1,0,
2026-06-26T00:41:40.266,4216891,576,0.46093333333333336,0.6741333333333334,0.5221333333333333,90.0,5000,198.0,1,195.21,0.734,196.96,0.809,158,0.991,0.07,2902,0,89.5,-,Belum ditandai,unset,0.3,1,0,
2026-06-26T00:41:40.767,4217361,572,0.45899999999999996,0.6737333333333333,0.5209333333333334,90.0,5000,198.0,1,195.12,0.734,196.88,0.809,158,0.991,0.07,2902,0,89.5,-,Belum ditandai,unset,0.3,1,0,
2026-06-26T00:41:41.268,4217896,613,0.4674,0.6764,0.5288,90.0,5000,198.0,1,195.12,0.734,196.88,0.809,158,0.991,0.07,2902,0,89.5,-,Belum ditandai,unset,0.3,1,0,
2026-06-26T00:41:41.766,4218366,567,0.4676,0.6768000000000001,0.5301333333333333,90.0,5000,198.0,1,195.19,0.734,196.94,0.809,158,0.991,0.07,2902,0,89.5,-,Belum ditandai,unset,0.3,1,0,
2026-06-26T00:41:42.266,4218901,562,0.4733333333333334,0.6786666666666666,0.5358,90.0,5000,198.0,1,195.19,0.734,196.94,0.809,158,0.991,0.07,2902,0,89.5,-,Belum ditandai,unset,0.3,1,0,
2026-06-26T00:41:42.767,4219370,570,0.4687333333333334,0.6801333333333334,0.5399999999999999,90.0,5000,198.0,1,195.14,0.733,196.9,0.808,158,0.993,0.07,2902,0,89.5,-,Belum ditandai,unset,0.3,1,0,
2026-06-26T00:41:43.266,4219905,568,0.4646,0.6800666666666667,0.5398,90.0,5000,198.0,1,195.14,0.733,196.9,0.808,158,0.993,0.07,2902,0,89.5,-,Belum ditandai,unset,0.3,1,0,
2026-06-26T00:41:43.766,4220375,587,0.4604666666666667,0.6805333333333333,0.5415333333333334,90.0,5000,198.0,1,195.27,0.733,197.02,0.808,158,0.992,0.07,2902,0,89.5,-,Belum ditandai,unset,0.3,1,0,
2026-06-26T00:41:44.265,4220910,599,0.46480000000000005,0.6804000000000001,0.5415333333333334,90.0,5000,198.0,1,195.27,0.733,197.02,0.808,158,0.992,0.07,2902,0,89.5,-,Belum ditandai,unset,0.3,1,0,
2026-06-26T00:41:44.765,4221380,573,0.4663333333333333,0.6795333333333334,0.5390666666666667,90.0,5000,198.0,1,195.26,0.734,197.01,0.809,158,0.991,0.07,2902,0,89.5,-,Belum ditandai,unset,0.3,1,0,
2026-06-26T00:41:45.264,4221915,568,0.46853333333333336,0.6796000000000001,0.5396000000000001,90.0,5000,198.0,1,195.26,0.734,197.01,0.809,158,0.991,0.07,2902,0,89.5,-,Belum ditandai,unset,0.3,1,0,
2026-06-26T00:41:45.764,4222385,579,0.4668,0.6798666666666667,0.5401333333333334,90.0,5000,198.0,1,195.28,0.734,197.03,0.809,158,0.991,0.07,2902,0,89.5,-,Belum ditandai,unset,0.3,1,0,
2026-06-26T00:41:46.263,4222920,582,0.4629333333333333,0.6780666666666667,0.5348,90.0,5000,198.0,1,195.28,0.734,197.03,0.809,158,0.991,0.07,2902,0,89.5,-,Belum ditandai,unset,0.3,1,0,
2026-06-26T00:41:46.768,4223390,577,0.46153333333333335,0.6755333333333334,0.5271333333333333,90.0,5000,198.0,1,195.28,0.734,197.03,0.809,158,0.991,0.07,2902,0,89.5,-,Belum ditandai,unset,0.3,1,0,
2026-06-26T00:41:47.266,4223925,571,0.46053333333333335,0.6739333333333334,0.5222,90.0,5000,198.0,1,195.28,0.734,197.03,0.809,158,0.991,0.07,2902,0,89.5,-,Belum ditandai,unset,0.3,1,0,
2026-06-26T00:41:47.767,4224394,573,0.46,0.6735333333333334,0.5208666666666667,90.0,5000,198.0,1,195.08,0.734,196.84,0.809,158,0.992,0.07,2902,0,89.5,-,Belum ditandai,unset,0.3,1,0,
2026-06-26T00:41:48.268,4224929,570,0.4610666666666667,0.6748666666666667,0.5248,90.0,5000,198.0,1,195.08,0.734,196.84,0.809,158,0.992,0.07,2902,0,89.5,-,Belum ditandai,unset,0.3,1,0,
2026-06-26T00:41:48.764,4225399,579,0.46213333333333334,0.6752,0.5258,90.0,5000,198.0,1,194.97,0.736,196.73,0.811,158,0.99,0.07,2902,0,89.5,-,Belum ditandai,unset,0.3,1,0,
2026-06-26T00:41:49.262,4225934,571,0.46226666666666666,0.6758666666666666,0.5278,90.0,5000,198.0,1,194.97,0.736,196.73,0.811,158,0.99,0.07,2902,0,89.5,-,Belum ditandai,unset,0.3,1,0,
2026-06-26T00:41:49.761,4226404,571,0.46013333333333334,0.6756,0.5272666666666667,90.0,5000,198.0,1,195.21,0.736,196.96,0.811,159,0.995,0.07,2902,0,89.5,-,Belum ditandai,unset,0.3,1,0,
2026-06-26T00:41:50.260,4226939,521,0.4562,0.6743333333333333,0.5231333333333333,90.0,5000,198.0,1,195.21,0.736,196.96,0.811,159,0.995,0.07,2902,0,89.5,-,Belum ditandai,unset,0.3,1,0,
2026-06-26T00:41:50.761,4227409,577,0.45580000000000004,0.673,0.5194,90.0,5000,198.0,1,195.13,0.735,196.89,0.81,158,0.99,0.07,2902,0,89.5,-,Belum ditandai,unset,0.3,1,0,
2026-06-26T00:41:51.261,4227944,511,0.4540666666666667,0.6715333333333333,0.5148,90.0,5000,198.0,1,195.13,0.735,196.89,0.81,158,0.99,0.07,2902,0,89.5,-,Belum ditandai,unset,0.3,1,0,
2026-06-26T00:41:51.765,4228414,579,0.45420000000000005,0.6714666666666668,0.5149333333333334,90.0,5000,198.0,1,195.11,0.735,196.87,0.81,158,0.99,0.07,2902,0,89.5,-,Belum ditandai,unset,0.3,1,0,
2026-06-26T00:41:52.268,4228949,553,0.4566666666666667,0.6704000000000001,0.512,90.0,5000,198.0,1,195.11,0.735,196.87,0.81,158,0.99,0.07,2902,0,89.5,-,Belum ditandai,unset,0.3,1,0,
2026-06-26T00:41:52.767,4229419,576,0.45386666666666664,0.6686666666666667,0.5066666666666666,90.0,5000,198.0,1,195.19,0.735,196.94,0.81,158,0.99,0.07,2902,0,89.5,-,Belum ditandai,unset,0.3,1,0,
2026-06-26T00:41:53.266,4229954,572,0.45633333333333337,0.6702,0.511,90.0,5000,198.0,1,195.19,0.735,196.94,0.81,158,0.99,0.07,2902,0,89.5,-,Belum ditandai,unset,0.3,1,0,
2026-06-26T00:41:53.765,4230424,622,0.4594,0.6719333333333334,0.5158666666666667,90.0,5000,198.0,1,195.03,0.735,196.79,0.81,158,0.991,0.07,2902,0,89.5,-,Belum ditandai,unset,0.3,1,0,
2026-06-26T00:41:54.268,4230959,561,0.4616,0.6735333333333334,0.5207333333333334,90.0,5000,198.0,1,195.03,0.735,196.79,0.81,158,0.991,0.07,2902,0,89.5,-,Belum ditandai,unset,0.3,1,0,
2026-06-26T00:41:54.769,4231429,582,0.46166666666666667,0.6740666666666667,0.5224666666666667,90.0,5000,198.0,1,195.12,0.735,196.88,0.81,158,0.99,0.07,2902,0,89.5,-,Belum ditandai,unset,0.3,1,0,
2026-06-26T00:41:55.238,4231857,579,0.4630666666666667,0.673,0.5190666666666667,90.0,5000,198.0,1,195.12,0.735,196.88,0.81,158,0.99,0.07,2902,0,89.5,-,Belum ditandai,unset,0.3,1,0,
2026-06-26T00:41:55.769,4232433,577,0.4587333333333333,0.6713333333333333,0.5144666666666667,90.0,5000,198.0,1,195.11,0.735,196.87,0.81,158,0.99,0.07,2902,0,89.5,-,Belum ditandai,unset,0.3,1,0,
2026-06-26T00:41:56.287,4232968,565,0.45980000000000004,0.672,0.5161333333333333,90.0,5000,198.0,1,195.11,0.735,196.87,0.81,158,0.99,0.07,2902,0,89.5,-,Belum ditandai,unset,0.3,1,0,
2026-06-26T00:41:56.808,4233438,575,0.461,0.6722666666666668,0.5172666666666667,90.0,5000,198.0,1,195.11,0.736,196.87,0.811,159,0.995,0.07,2902,0,89.5,-,Belum ditandai,unset,0.3,1,0,
2026-06-26T00:41:57.429,4234122,551,0.4610666666666667,0.674,0.5224666666666667,90.0,5000,198.0,1,194.98,0.736,196.74,0.811,158,0.99,0.07,2902,0,89.5,-,Belum ditandai,unset,0.3,1,0,
2026-06-26T00:41:57.954,4234657,587,0.4608,0.6752,0.5259333333333334,90.0,5000,198.0,1,194.98,0.736,196.74,0.811,158,0.99,0.07,2902,0,89.5,-,Belum ditandai,unset,0.3,1,0,
2026-06-26T00:41:58.545,4235234,578,0.4595333333333333,0.6757333333333334,0.5276000000000001,90.0,5000,198.0,1,194.98,0.736,196.74,0.811,158,0.99,0.07,2902,0,89.5,-,Belum ditandai,unset,0.3,1,0,
2026-06-26T00:41:59.078,4235769,583,0.45893333333333336,0.6748666666666667,0.5248666666666667,90.0,5000,198.0,1,194.98,0.736,196.74,0.811,158,0.99,0.07,2902,0,89.5,-,Belum ditandai,unset,0.3,1,0,
2026-06-26T00:41:59.636,4236346,575,0.451,0.6718,0.5164666666666666,90.0,5000,198.0,1,194.94,0.736,196.71,0.811,158,0.99,0.07,2902,0,89.5,-,Belum ditandai,unset,0.3,1,0,
2026-06-26T00:42:00.193,4236881,575,0.45126666666666665,0.6719333333333334,0.5165333333333334,90.0,5000,198.0,1,194.94,0.736,196.71,0.811,158,0.99,0.07,2902,0,89.5,-,Belum ditandai,unset,0.3,1,0,
2026-06-26T00:42:00.792,4237458,577,0.45386666666666664,0.6742000000000001,0.5226666666666667,90.0,5000,198.0,1,195.02,0.735,196.78,0.81,158,0.991,0.07,2902,0,89.5,-,Belum ditandai,unset,0.3,1,0,
2026-06-26T00:42:01.420,4238141,575,0.46060000000000006,0.677,0.5301333333333333,90.0,5000,198.0,1,195.08,0.736,196.84,0.811,158,0.989,0.07,2902,0,89.5,-,Belum ditandai,unset,0.3,1,0,
2026-06-26T00:42:01.951,4238676,574,0.461,0.678,0.5334666666666668,80.0,5000,176.0,1,195.08,0.736,196.84,0.811,158,0.989,0.07,2902,0,89.5,-,Belum ditandai,unset,0.3,1,0,
2026-06-26T00:42:02.459,4239146,544,0.4528666666666667,0.6702,0.5106,80.0,5000,176.0,1,193.35,0.732,195.2,0.807,156,0.99,0.07,2902,0,89.5,-,Belum ditandai,unset,0.3,1,0,
2026-06-26T00:42:02.997,4239681,531,0.4451333333333333,0.6578,0.4738,80.0,5000,176.0,1,193.35,0.732,195.2,0.807,156,0.99,0.07,2902,0,89.5,-,Belum ditandai,unset,0.3,1,0,
2026-06-26T00:42:03.580,4240258,536,0.4358666666666667,0.6424000000000001,0.42773333333333335,80.0,5000,176.0,1,172.49,0.724,175.39,0.8,139,0.99,0.07,2902,0,89.5,-,Belum ditandai,unset,0.3,1,0,
2026-06-26T00:42:04.077,4240793,442,0.42826666666666663,0.6358,0.40773333333333334,70.0,5000,154.0,1,172.49,0.724,175.39,0.8,139,0.99,0.07,2902,0,89.5,-,Belum ditandai,unset,0.3,1,0,
2026-06-26T00:42:04.633,4241370,467,0.4099333333333333,0.6069333333333334,0.3232666666666667,70.0,5000,154.0,1,171.18,0.718,174.15,0.794,137,0.99,0.07,2902,0,89.5,-,Belum ditandai,unset,0.3,1,0,
2026-06-26T00:42:05.207,4241905,449,0.3841333333333333,0.5755333333333333,0.23233333333333334,70.0,5000,154.0,1,171.18,0.718,174.15,0.794,137,0.99,0.07,2902,0,89.5,-,Belum ditandai,unset,0.3,1,0,
2026-06-26T00:42:05.739,4242482,434,0.3716,0.5434,0.1382,70.0,5000,154.0,1,150.64,0.689,154.65,0.765,116,0.98,0.07,2902,0,89.5,-,Belum ditandai,unset,0.3,1,0,
2026-06-26T00:42:06.315,4243017,463,0.3714,0.5408666666666667,0.13,70.0,5000,154.0,1,150.64,0.689,154.65,0.765,116,0.98,0.07,2902,0,89.5,-,Belum ditandai,unset,0.3,1,0,
2026-06-26T00:42:06.876,4243593,480,0.3788,0.5408000000000001,0.1292,70.0,5000,154.0,1,150.65,0.688,154.66,0.764,116,0.981,0.07,2902,0,89.5,-,Belum ditandai,unset,0.3,1,0,
2026-06-26T00:42:07.470,4244170,498,0.37593333333333334,0.542,0.13233333333333333,70.0,5000,154.0,1,150.64,0.687,154.65,0.763,116,0.983,0.07,2902,0,89.5,-,Belum ditandai,unset,0.3,1,0,
2026-06-26T00:42:07.998,4244705,470,0.3771333333333333,0.5416666666666666,0.13006666666666666,70.0,5000,154.0,1,150.64,0.687,154.65,0.763,116,0.983,0.07,2902,0,89.5,-,Belum ditandai,unset,0.3,1,0,
2026-06-26T00:42:08.579,4245282,498,0.3784666666666666,0.5434666666666668,0.1332,70.0,5000,154.0,1,150.62,0.686,154.63,0.762,116,0.984,0.07,2902,0,89.5,-,Belum ditandai,unset,0.3,1,0,
2026-06-26T00:42:09.108,4245817,453,0.37900000000000006,0.5429333333333334,0.13086666666666666,70.0,5000,154.0,1,150.62,0.686,154.63,0.762,116,0.984,0.07,2902,0,89.5,-,Belum ditandai,unset,0.3,1,0,
2026-06-26T00:42:09.658,4246394,468,0.3821333333333333,0.5432,0.13406666666666667,70.0,5000,154.0,1,150.56,0.686,154.58,0.762,115,0.976,0.07,2902,0,89.5,-,Belum ditandai,unset,0.3,1,0,
2026-06-26T00:42:10.194,4246929,498,0.38026666666666664,0.5427333333333333,0.1336,70.0,5000,154.0,1,150.56,0.686,154.58,0.762,115,0.976,0.07,2902,0,89.5,-,Belum ditandai,unset,0.3,1,0,
2026-06-26T00:42:10.771,4247506,401,0.38020000000000004,0.5407333333333334,0.12893333333333334,45.0,5000,99.0,1,150.64,0.686,154.65,0.762,116,0.984,0.07,2902,0,89.5,-,Belum ditandai,unset,0.3,1,0,
2026-06-26T00:42:11.320,4248039,425,0.36300000000000004,0.5214000000000001,0.08666666666666667,45.0,5000,99.0,1,150.64,0.686,154.65,0.762,116,0.984,0.07,2902,0,89.5,-,Belum ditandai,unset,0.3,1,0,
2026-06-26T00:42:11.892,4248614,414,0.3470666666666667,0.5007333333333334,0.044333333333333336,45.0,5000,99.0,1,99.29,0.457,105.9,0.536,54,0.951,0.07,2902,0,89.5,-,Belum ditandai,unset,0.3,1,0,
2026-06-26T00:42:12.442,4249194,413,0.33026666666666665,0.4827333333333333,0.0108,45.0,5000,99.0,1,96.51,0.461,103.27,0.54,52,0.932,0.07,2902,0,89.5,-,Belum ditandai,unset,0.3,1,0,
2026-06-26T00:42:12.970,4249725,401,0.3287333333333333,0.4819333333333333,0.010266666666666667,45.0,5000,99.0,1,96.51,0.461,103.27,0.54,52,0.932,0.07,2902,0,89.5,-,Belum ditandai,unset,0.3,1,0,
2026-06-26T00:42:13.472,4250199,408,0.3297333333333333,0.4826666666666667,0.010199999999999999,45.0,5000,99.0,1,96.59,0.461,103.34,0.54,53,0.949,0.07,2902,0,89.5,-,Belum ditandai,unset,0.3,1,0,
2026-06-26T00:42:13.969,4250730,403,0.3304,0.4812,0.0098,45.0,5000,99.0,1,96.59,0.461,103.34,0.54,53,0.949,0.07,2902,0,89.5,-,Belum ditandai,unset,0.3,1,0,
2026-06-26T00:42:14.470,4251204,403,0.32966666666666666,0.4811333333333333,0.009933333333333332,45.0,5000,99.0,1,96.57,0.461,103.32,0.54,53,0.949,0.07,2902,0,89.5,-,Belum ditandai,unset,0.3,1,0,
2026-06-26T00:42:14.967,4251735,411,0.32933333333333337,0.4804,0.010333333333333333,45.0,5000,99.0,1,96.57,0.461,103.32,0.54,53,0.949,0.07,2902,0,89.5,-,Belum ditandai,unset,0.3,1,0,
2026-06-26T00:42:15.466,4252209,410,0.3308666666666667,0.4815333333333333,0.010333333333333333,45.0,5000,99.0,1,96.57,0.461,103.32,0.54,53,0.949,0.07,2902,0,89.5,-,Belum ditandai,unset,0.3,1,0,
2026-06-26T00:42:15.968,4252740,407,0.331,0.4811333333333333,0.0108,45.0,5000,99.0,1,96.57,0.461,103.32,0.54,53,0.949,0.07,2902,0,89.5,-,Belum ditandai,unset,0.3,1,0,
2026-06-26T00:42:16.467,4253214,406,0.32713333333333333,0.4807333333333333,0.0116,45.0,5000,99.0,1,96.57,0.461,103.32,0.54,53,0.949,0.07,2902,0,89.5,-,Belum ditandai,unset,0.3,1,0,
2026-06-26T00:42:16.970,4253744,414,0.32713333333333333,0.48133333333333334,0.0118,45.0,5000,99.0,1,96.57,0.461,103.32,0.54,53,0.949,0.07,2902,0,89.5,-,Belum ditandai,unset,0.3,1,0,
2026-06-26T00:42:17.472,4254218,407,0.32733333333333337,0.4826666666666667,0.0112,45.0,5000,99.0,1,96.51,0.461,103.27,0.54,52,0.932,0.07,2902,0,89.5,-,Belum ditandai,unset,0.3,1,0,
2026-06-26T00:42:17.971,4254749,411,0.33240000000000003,0.48466666666666663,0.010066666666666666,45.0,5000,99.0,1,96.51,0.461,103.27,0.54,52,0.932,0.07,2902,0,89.5,-,Belum ditandai,unset,0.3,1,0,
2026-06-26T00:42:18.470,4255223,376,0.32626666666666665,0.48219999999999996,0.010133333333333333,45.0,5000,99.0,1,89.33,0.422,96.45,0.502,45,0.929,0.07,2902,0,89.5,-,Belum ditandai,unset,0.3,1,0,
2026-06-26T00:42:18.968,4255754,407,0.3268666666666667,0.4825333333333333,0.011133333333333332,45.0,5000,99.0,1,89.33,0.422,96.45,0.502,45,0.929,0.07,2902,0,89.5,-,Belum ditandai,unset,0.3,1,0,
2026-06-26T00:42:19.468,4256228,382,0.3252,0.48179999999999995,0.011399999999999999,45.0,5000,99.0,1,0.0,0.0,10.08,0.04,0,0.0,0.07,2902,0,89.5,-,Belum ditandai,unset,0.3,1,0,
2026-06-26T00:42:19.967,4256758,403,0.3284,0.48346666666666666,0.0112,45.0,5000,99.0,1,0.0,0.0,10.08,0.04,0,0.0,0.07,2902,0,89.5,-,Belum ditandai,unset,0.3,1,0,
2026-06-26T00:42:20.469,4257233,417,0.3300666666666667,0.48333333333333334,0.010266666666666667,45.0,5000,99.0,1,0.0,0.0,0.0,0.0,0,0.0,0.07,2902,0,89.5,-,Belum ditandai,unset,0.3,1,0,
2026-06-26T00:42:20.972,4257758,404,0.32880000000000004,0.4815333333333333,0.010266666666666667,45.0,5000,99.0,1,0.0,0.0,0.0,0.0,0,0.0,0.07,2902,0,89.5,-,Belum ditandai,unset,0.3,1,0,
2026-06-26T00:42:21.527,4258281,438,0.33013333333333333,0.48246666666666665,0.010533333333333334,45.0,5000,99.0,1,0.0,0.0,0.0,0.0,0,0.0,0.07,2902,0,89.5,-,Belum ditandai,unset,0.3,1,0,
2026-06-26T00:42:22.039,4258806,411,0.3283333333333333,0.48173333333333335,0.010266666666666667,45.0,5000,99.0,1,0.0,0.0,0.0,0.0,0,0.0,0.07,2902,0,89.5,-,Belum ditandai,unset,0.3,1,0,
2026-06-26T00:42:22.564,4259368,405,0.32926666666666665,0.4826,0.01,45.0,5000,99.0,1,0.0,0.0,0.0,0.0,0,0.0,0.07,2902,0,89.5,-,Belum ditandai,unset,0.3,1,0,
2026-06-26T00:42:23.083,4259893,410,0.3262,0.4799999999999999,0.009733333333333333,45.0,5000,99.0,1,0.0,0.0,0.0,0.0,0,0.0,0.07,2902,0,89.5,-,Belum ditandai,unset,0.3,1,0,
